1731323794	289	205	281	145	285	326	251	257	1456	1200	1200	1200	1199	1199	1200	0

1731323797	189	157	297	142	291	329	222	217	1456	1200	1200	1200	1199	1199	1200	0

1731323798	209	179	274	147	474	331	260	307	1456	1200	1200	1200	1199	1199	1200	0

1731323802	292	160	279	179	313	329	262	221	1456	1200	1200	1200	1199	1199	1200	0

1731323813	306	211	254	92	151	540	279	353	256	1201	1201	1201	1200	1200	1200	0

1731323825	189	162	251	144	264	337	255	227	1456	1200	1200	1200	1199	1199	1200	0

1731323845	239	210	248	163	353	286	362	243	1456	1200	1200	1200	1199	1201	1200	0

1731323847	203	177	258	138	363	303	288	218	1456	1200	1200	1200	1199	1199	1200	0

1731323854	245	185	313	154	327	362	253	312	256	1200	1200	1200	1199	1199	1200	0

1731323863	188	173	322	200	422	354	237	274	1456	1200	1200	1200	1199	1199	1200	0

1731323872	224	179	285	191	269	307	315	232	1456	1199	1200	1200	1199	1199	1200	0

1731323876	240	75	299	250	326	340	28	239	1456	1199	1200	1200	1199	1199	1200	0

1731323878	644	287	266	36	205	438	289	271	1451	1200	1200	1200	1199	1199	1201	0

1731323900	199	158	278	154	321	377	279	172	1456	1200	1200	1200	1201	1200	1200	0

1731323901	343	206	311	180	300	423	270	300	1445	1200	1200	1200	1199	1199	1200	0

1731323910	310	222	28	25	17	20	25	390	1382	1201	1201	1201	1200	1200	1200	0

1731323911	230	182	313	37	21	41	26	252	1456	1200	1200	1200	1199	1199	1200	0

1731323937	321	201	104	27	18	21	242	269	1457	1201	1201	1201	1200	1200	1200	0

1731323946	231	152	305	167	373	419	275	319	1456	1200	1200	1200	1199	1199	1200	0

1731323948	219	183	274	142	322	298	212	235	1456	1200	1200	1200	1200	1199	1200	0

1731323954	308	191	462	24	15	383	158	396	256	1200	1200	1200	1199	1199	1200	0

1731323956	233	214	354	182	300	410	258	272	1456	1200	1200	1200	1199	1199	1200	0

1731323961	241	171	305	156	311	354	278	265	1457	1201	1201	1201	1200	1200	1200	0

1731323971	217	24	278	251	294	384	247	275	1456	1200	1200	1200	1199	1203	1200	0

1731323985	205	183	301	159	416	450	282	283	256	1201	1201	1201	1200	1200	1200	0

1731323989	194	321	672	260	751	408	264	319	1431	1200	1200	1200	1199	1199	1200	0

1731323996	245	187	276	169	351	337	278	273	1456	1200	1200	1200	1199	1203	1200	0

1731324035	234	282	312	181	311	355	236	253	1456	1200	1200	1200	1199	1199	1200	0

1731324054	228	169	359	146	304	337	258	407	1443	1200	1200	1200	1199	1199	1200	0

1731324061	231	188	353	161	376	419	325	323	256	1200	1200	1200	1199	1199	1200	0

1731324064	274	174	300	151	312	341	227	227	1456	1200	1200	1200	1199	1199	1200	0

1731324065	190	170	294	226	323	363	267	264	1456	1200	1200	1200	1199	1199	1200	0

1731324079	194	215	579	276	586	653	577	278	1456	1200	1201	1201	1201	1201	1201	0

1731324082	198	166	269	182	294	368	292	241	1446	1200	1200	1200	1199	1199	1200	0

1731324082	198	240	259	149	360	327	240	252	1456	1200	1200	1200	1199	1199	1200	0

1731324087	224	157	302	204	279	658	635	318	1456	1200	1200	1200	1199	1203	1200	0

1731324088	231	167	316	149	547	325	282	281	1382	1200	1200	1200	1199	1199	1200	0

1731324110	192	165	264	148	288	333	279	257	1456	1200	1200	1200	1199	1201	1200	0

1731324121	212	152	704	148	301	337	236	275	1456	1200	1200	1200	1199	1199	1200	0

1731324121	308	170	524	121	354	22	431	270	1434	1201	1201	1201	1200	1200	1200	0

1731324131	228	182	282	136	429	293	206	227	1456	1200	1200	1200	1199	1199	1200	0

1731324140	266	164	314	154	310	288	210	311	1456	1200	1200	1200	1199	1199	1200	0

1731324156	254	165	313	151	294	339	254	277	1456	1200	1201	1201	1200	1199	1201	0

1731324156	208	155	297	135	321	361	202	301	1456	1200	1200	1200	1199	1199	1200	0

1731324161	248	189	344	164	310	365	367	247	1455	1199	1200	1200	1200	1200	1200	0

1731324167	231	333	718	363	564	1125	691	664	1428	1201	1201	1201	1200	1201	1201	0

1731324170	243	202	341	181	704	552	591	519	256	1201	1201	1201	1200	1200	1200	0

1731324174	212	196	305	143	308	324	289	282	1437	1200	1200	1200	1199	1199	1201	0

1731324189	238	250	301	165	306	671	228	258	1456	1200	1200	1200	1199	1199	1200	0

1731324208	333	243	556	156	325	412	249	383	1456	1200	1200	1200	1199	1199	1200	0

1731324214	215	165	591	155	316	330	248	316	1448	1201	1201	1201	1200	1200	1200	0

1731324216	391	297	641	283	639	731	570	586	1456	1200	1200	1200	1199	1199	1200	0

1731324232	222	188	631	152	342	364	271	325	1448	1201	1201	1201	1200	1200	1200	0

1731324241	235	187	290	167	308	339	235	264	1456	1200	1200	1200	1199	1199	1200	0

1731324245	310	26	31	27	17	22	428	555	256	1201	1201	1201	1200	1200	1200	0

1731324260	409	305	272	145	274	409	265	238	1456	1200	1200	1200	1200	1200	1200	0

1731324263	196	152	271	148	329	318	240	224	1457	1201	1201	1201	1200	1200	1200	0

1731324267	211	162	381	142	288	318	224	250	1456	1200	1200	1200	1199	1199	1200	0

1731324267	281	168	303	158	374	479	290	341	1429	1201	1201	1201	1200	1200	1200	0

1731324267	220	174	384	280	316	327	301	279	1456	1200	1200	1200	1200	1200	1200	0

1731324273	253	166	300	158	299	443	252	350	1456	1200	1201	1201	1201	1199	1201	0

1731324279	204	189	325	140	284	637	219	269	1456	1200	1200	1200	1199	1199	1200	0

1731324279	208	305	300	157	311	382	224	269	1442	1201	1201	1201	1200	1200	1200	0

1731324281	196	164	379	314	295	404	271	233	1456	1200	1200	1200	1199	1199	1200	0

1731324286	217	186	319	166	356	412	255	271	1456	1200	1200	1200	1199	1199	1200	0

1731324295	239	238	274	171	283	404	248	256	1456	1200	1200	1200	1200	1200	1200	0

1731324297	250	178	295	170	425	533	281	294	1456	1200	1200	1200	1199	1199	1200	0

1731324300	180	273	319	155	316	331	269	262	1456	1200	1201	1201	1201	1201	1201	0

1731324306	213	172	289	135	297	310	292	264	1456	1200	1201	1201	1201	1199	1201	0

1731324307	158	167	509	155	276	375	230	270	256	1201	1201	1201	1200	1200	1200	0

1731324310	207	148	247	120	277	290	230	210	1456	1199	1200	1200	1199	1199	1200	0

1731324314	204	288	270	149	298	380	245	225	1456	1200	1200	1200	1199	1199	1200	0

1731324317	232	153	270	142	287	318	245	243	1456	1200	1200	1200	1199	1199	1200	0

1731324322	216	235	267	144	280	349	254	266	1456	1200	1200	1200	1199	1201	1200	0

1731324324	200	145	272	147	267	330	252	236	1456	1200	1200	1200	1199	1199	1200	0

1731324324	189	175	296	163	306	403	230	271	1448	1201	1201	1201	1200	1200	1200	0

1731324337	193	165	234	162	338	470	348	210	1456	1200	1201	1201	1201	1201	1201	0

1731324342	376	205	636	158	324	374	281	298	1435	1201	1201	1201	1200	1200	1200	0

1731324352	223	232	344	155	268	485	234	243	1456	1200	1201	1201	1201	1201	1201	0

1731324361	378	29	34	29	19	21	658	414	1357	1201	1201	1201	1200	1200	1200	0

1731324368	251	31	36	31	20	24	170	272	1456	1200	1201	1201	1201	1201	1201	0

1731324369	232	32	36	32	22	82	291	356	1456	1200	1200	1200	1199	1199	1200	0

1731324389	223	184	325	164	272	344	421	240	1456	1200	1200	1200	1199	1203	1200	0

1731324395	205	153	321	143	284	443	283	267	1456	1200	1200	1200	1199	1199	1200	0

1731324398	193	159	306	170	331	359	289	241	1439	1201	1201	1201	1200	1200	1200	0

1731324399	233	167	309	159	364	393	311	409	1443	1200	1200	1200	1199	1199	1200	0

1731324400	227	162	268	143	270	368	238	233	1456	1200	1201	1201	1201	1199	1201	0

1731324403	251	20	26	22	14	17	21	423	256	1201	1201	1201	1200	1200	1200	0

1731324412	214	161	282	160	304	367	206	234	1456	1200	1200	1200	1201	1200	1200	0

1731324421	234	219	283	152	680	399	308	313	256	1201	1201	1201	1200	1200	1200	0

1731324425	278	166	306	149	311	344	257	256	1447	1200	1200	1200	1199	1199	1200	0

1731324429	263	191	295	207	394	300	284	232	1456	1200	1200	1200	1200	1200	1200	0

1731324436	891	604	1125	527	1125	1088	731	849	1455	1199	1200	1200	1200	1200	1200	0

1731324440	277	25	31	27	19	22	24	299	1456	1200	1200	1200	1199	1199	1200	0

1731324448	231	203	571	165	396	427	238	289	1456	1200	1200	1200	1199	1201	1200	0

1731324465	197	179	389	167	311	373	474	450	1444	1200	1200	1200	1199	1199	1200	0

1731324473	173	208	286	141	306	408	230	291	1434	1200	1200	1200	1199	1199	1200	0

1731324481	232	243	279	144	287	345	495	271	1456	1200	1200	1200	1199	1203	1200	0

1731324484	215	156	275	150	451	321	253	275	1456	1200	1200	1200	1200	1200	1200	0

1731324489	225	179	305	156	341	399	301	325	256	1201	1201	1201	1200	1201	1201	0

1731324492	250	200	294	142	450	504	251	280	1456	1200	1200	1200	1199	1199	1200	0

1731324495	224	210	331	178	326	410	296	283	1456	1200	1200	1200	1199	1199	1200	0

1731324501	268	216	31	29	18	21	26	246	1456	1200	1200	1200	1199	1199	1200	0

1731324513	384	175	296	159	265	338	268	349	1456	1200	1200	1200	1199	1203	1200	0

1731324532	234	158	274	133	423	320	225	235	1455	1199	1199	1201	1199	1199	1200	0

1731324535	233	161	391	142	280	416	242	254	1456	1199	1200	1200	1199	1199	1200	0

1731324538	232	212	334	185	396	346	261	329	1455	1203	1200	1200	1199	1199	1200	0

1731324538	198	211	289	209	290	373	249	256	1456	1200	1201	1201	1201	1201	1201	0

1731324545	203	171	251	157	272	477	231	212	1456	1200	1200	1200	1199	1199	1200	0

1731324546	214	170	294	145	333	354	313	261	1448	1201	1201	1201	1200	1200	1200	0

1731324548	191	158	285	136	259	316	214	238	1456	1200	1200	1200	1199	1199	1200	0

1731324552	204	190	471	199	290	351	272	253	1349	1201	1201	1201	1200	1201	1201	0

1731324559	371	182	290	158	298	343	303	259	1456	1200	1200	1200	1199	1199	1200	0

1731324578	212	152	285	144	339	328	262	253	1456	1200	1200	1200	1199	1199	1200	0

1731324583	299	228	399	140	284	310	226	241	1456	1200	1200	1200	1199	1199	1200	0

1731324585	402	229	305	152	589	416	273	371	1456	1200	1200	1200	1199	1199	1200	0

1731324588	182	147	260	209	501	688	338	218	1456	1200	1200	1200	1200	1200	1200	0

1731324589	224	174	282	174	341	313	244	318	256	1200	1200	1200	1199	1199	1200	0

1731324592	263	357	657	209	360	371	688	210	1456	1200	1200	1200	1199	1199	1200	0

1731324593	200	214	302	164	19	384	266	385	1456	1200	1200	1200	1199	1199	1200	0

1731324601	225	160	310	129	279	333	246	212	1456	1200	1200	1200	1199	1199	1200	0

1731324606	200	173	303	162	367	381	253	232	1456	1200	1200	1200	1199	1199	1200	0

1731324609	196	221	303	164	552	355	394	473	256	1199	1200	1200	1200	1199	1200	0

1731324633	316	707	1124	488	1124	1124	1125	1124	256	1201	1201	1201	1200	1200	1200	0

1731324637	285	169	522	143	339	333	227	239	1456	1200	1200	1200	1199	1199	1200	0

1731324647	209	205	235	164	561	298	249	256	1456	1200	1200	1200	1199	1199	1200	0

1731324653	253	184	340	181	326	535	475	584	1456	1200	1200	1200	1199	1201	1200	0

1731324658	246	34	319	172	347	472	271	272	256	1201	1201	1201	1200	1200	1200	0

1731324671	265	355	512	190	359	347	313	259	1457	1201	1201	1201	1200	1200	1200	0

1731324679	201	165	325	156	306	429	254	307	1456	1200	1200	1200	1199	1199	1200	0

1731324681	243	162	285	151	307	365	281	294	1456	1200	1200	1200	1199	1199	1200	0

1731324686	204	183	363	159	296	315	242	237	1456	1200	1200	1200	1199	1199	1200	0

1731324687	207	40	29	28	349	366	247	262	1456	1200	1200	1200	1201	1200	1200	0

1731324695	214	177	267	178	521	325	219	289	1456	1200	1200	1200	1199	1199	1200	0

1731324706	224	152	438	272	318	354	218	201	1456	1200	1200	1200	1199	1199	1200	0

1731324709	281	230	369	184	378	410	333	365	1456	1200	1200	1200	1203	1201	1200	0

1731324746	223	196	281	154	317	315	255	267	1456	1200	1200	1200	1199	1199	1200	0

1731324750	233	181	278	154	383	621	609	433	1456	1200	1200	1200	1199	1199	1200	0

1731324762	252	183	368	174	301	465	259	245	1456	1200	1200	1200	1199	1199	1200	0

1731324766	252	176	267	144	297	309	224	282	1456	1200	1200	1200	1199	1199	1200	0

1731324773	236	187	401	162	354	540	494	450	256	1201	1201	1201	1200	1200	1200	0

1731324781	468	298	638	217	404	376	268	264	1456	1200	1200	1200	1201	1200	1200	0

1731324782	515	26	517	336	916	747	585	456	1456	1200	1200	1200	1199	1199	1200	0

1731324787	304	434	645	143	292	377	222	258	1456	1200	1200	1200	1199	1199	1200	0

1731324789	271	142	329	135	367	346	221	249	1456	1200	1200	1200	1199	1199	1200	0

1731324795	155	30	29	30	519	552	395	229	1457	1201	1201	1201	1200	1200	1200	0

1731324799	249	196	296	136	264	344	222	246	1456	1200	1200	1200	1199	1199	1200	0

1731324806	219	160	379	141	295	344	261	301	1456	1200	1200	1200	1199	1199	1200	0

1731324811	238	176	354	205	289	324	240	226	1456	1200	1200	1200	1199	1199	1200	0

1731324812	204	179	303	156	340	401	284	233	1456	1200	1201	1201	1201	1199	1201	0

1731324821	224	180	279	145	321	405	255	274	1456	1200	1200	1200	1199	1199	1200	0

1731324824	276	168	325	163	303	406	227	268	1452	1200	1200	1200	1199	1199	1200	0

1731324824	215	154	315	153	301	328	229	244	1456	1200	1200	1200	1199	1199	1200	0

1731324835	239	178	280	205	351	534	263	442	256	1201	1201	1201	1200	1200	1200	0

1731324847	187	185	299	139	373	370	222	226	1456	1200	1200	1200	1199	1199	1200	0

1731324849	227	219	333	155	369	394	483	779	256	1200	1200	1200	1199	1199	1200	0

1731324857	305	213	385	202	500	628	505	898	1455	1200	1200	1200	1199	1199	1200	0

1731324859	200	166	284	146	374	330	272	258	1456	1200	1200	1200	1199	1199	1200	0

1731324865	257	188	462	177	341	363	304	308	1456	1201	1201	1201	1200	1200	1200	0

1731324869	217	163	286	165	299	369	244	334	1455	1200	1200	1200	1199	1199	1200	0

1731324878	225	236	283	206	314	363	255	254	1456	1200	1200	1200	1199	1199	1200	0

1731324891	313	191	267	195	344	339	255	315	1456	1200	1200	1200	1199	1199	1200	0

1731324893	316	250	302	154	306	445	390	391	1455	1199	1200	1200	1200	1200	1200	0

1731324896	234	183	392	29	304	372	260	324	1456	1200	1200	1200	1200	1200	1200	0

1731324901	213	150	380	159	326	528	427	234	1456	1200	1200	1200	1199	1199	1200	0

1731324903	193	196	314	161	272	313	348	240	1456	1200	1200	1200	1199	1199	1200	0

1731324903	224	268	641	222	319	322	253	234	1456	1200	1200	1200	1199	1199	1200	0

1731324904	207	169	266	133	404	471	221	249	1456	1200	1200	1200	1199	1199	1200	0

1731324905	254	168	342	156	297	351	540	291	1443	1201	1201	1201	1200	1201	1201	0

1731324919	265	169	291	216	399	358	276	275	1457	1201	1201	1201	1200	1200	1200	0

1731324920	211	248	323	172	320	630	256	307	1448	1201	1201	1201	1200	1200	1200	0

1731324928	514	359	1020	342	911	1126	926	1088	1456	1200	1200	1200	1199	1199	1200	0

1731324930	210	168	262	132	326	362	231	228	1456	1200	1200	1200	1199	1199	1200	0

1731324934	223	186	271	215	277	322	228	244	1456	1200	1200	1200	1199	1199	1200	0

1731324949	174	165	285	134	275	385	233	290	1439	1201	1201	1201	1200	1200	1200	0

1731324952	291	174	317	158	367	326	289	441	256	1201	1201	1201	1200	1200	1200	0

1731324969	221	157	290	150	322	571	258	305	1456	1200	1200	1200	1199	1199	1200	0

1731324981	1121	831	716	307	317	388	538	464	1456	1200	1200	1200	1199	1199	1200	0

1731324988	155	177	542	291	321	441	265	251	1453	1200	1200	1200	1199	1199	1200	0

1731324989	244	231	398	137	291	366	233	262	1456	1200	1201	1201	1201	1201	1201	0

1731325001	218	165	279	165	304	330	307	298	1392	1201	1201	1201	1200	1200	1200	0

1731325003	294	143	498	375	812	893	408	223	1456	1200	1201	1201	1201	1201	1201	0

1731325020	216	217	339	166	555	432	444	291	256	1201	1201	1201	1200	1200	1200	0

1731325029	284	172	382	167	324	465	302	310	1456	1200	1200	1200	1199	1199	1200	0

1731325036	281	197	274	180	366	328	275	322	1456	1200	1200	1200	1199	1199	1200	0

1731325040	222	165	306	150	328	358	240	292	256	1201	1201	1201	1200	1200	1200	0

1731325040	243	153	268	224	317	396	252	313	1456	1200	1200	1200	1199	1199	1200	0

1731325041	238	181	235	23	14	17	110	334	256	1201	1201	1201	1200	1200	1200	0

1731325046	214	161	312	144	314	316	241	277	1456	1200	1200	1200	1199	1199	1200	0

1731325050	209	189	296	194	339	341	249	281	256	1200	1200	1200	1199	1199	1200	0

1731325058	289	161	256	145	322	324	234	261	1456	1200	1200	1200	1201	1200	1200	0

1731325059	259	206	345	187	433	528	308	333	1456	1200	1200	1200	1199	1199	1200	0

1731325061	237	173	308	150	310	474	236	343	1427	1201	1201	1201	1200	1200	1200	0

1731325072	660	33	286	33	1124	1124	1125	1002	1456	1200	1200	1200	1199	1199	1200	0

1731325077	246	176	405	158	520	396	267	373	256	1201	1201	1201	1200	1200	1200	0

1731325078	233	156	356	149	281	374	302	264	1456	1200	1200	1200	1199	1199	1200	0

1731325081	228	147	236	263	246	260	210	213	1456	1200	1200	1200	1199	1199	1200	0

1731325084	180	295	32	29	19	21	23	209	1456	1200	1200	1200	1199	1199	1200	0

1731325093	221	248	272	153	294	337	222	243	1456	1200	1200	1200	1199	1203	1200	0

1731325095	199	151	280	161	290	479	272	294	1456	1200	1200	1200	1199	1199	1200	0

1731325101	196	159	311	151	289	714	802	359	1456	1200	1200	1200	1200	1200	1200	0

1731325109	335	170	303	226	302	332	254	279	1456	1200	1200	1200	1199	1199	1200	0

1731325124	211	164	274	140	345	309	248	255	1457	1201	1201	1201	1200	1200	1200	0

1731325126	277	185	401	166	348	532	293	285	256	1200	1200	1200	1199	1199	1200	0

1731325136	252	198	312	145	343	336	324	267	1456	1200	1200	1200	1199	1199	1200	0

1731325137	244	158	295	153	307	321	279	243	1456	1200	1200	1200	1199	1199	1200	0

1731325137	231	178	285	144	322	341	249	308	1456	1200	1200	1200	1199	1199	1200	0

1731325138	522	312	505	288	352	306	242	343	1456	1200	1200	1200	1199	1199	1200	0

1731325140	231	165	277	145	342	392	221	275	1456	1200	1200	1200	1199	1199	1200	0

1731325144	242	161	251	235	299	289	272	265	1456	1200	1200	1200	1199	1199	1200	0

1731325149	254	165	269	164	275	323	311	234	1456	1200	1200	1200	1199	1199	1200	0

1731325163	232	171	369	166	309	386	322	285	256	1201	1201	1201	1200	1200	1200	0

1731325165	246	174	263	158	309	339	237	265	1456	1200	1200	1200	1199	1199	1200	0

1731325165	197	206	269	138	257	312	240	213	1456	1200	1200	1200	1199	1199	1200	0

1731325173	226	157	350	215	273	319	236	262	1456	1200	1201	1201	1201	1201	1201	0

1731325175	243	247	302	165	352	406	260	335	256	1201	1201	1201	1200	1201	1201	0

1731325179	243	180	267	153	340	385	287	235	1456	1200	1200	1200	1199	1199	1200	0

1731325188	283	189	338	147	318	392	480	452	1354	1201	1201	1201	1200	1200	1200	0

1731325193	188	197	302	144	349	436	377	400	1456	1200	1200	1200	1199	1199	1200	0

1731325205	244	171	356	164	293	318	294	289	1456	1200	1200	1200	1199	1199	1200	0

1731325214	225	219	299	153	333	426	456	267	256	1201	1201	1201	1200	1200	1200	0

1731325215	226	161	331	136	455	362	237	305	1456	1200	1200	1200	1199	1199	1200	0

1731325220	194	174	422	191	329	417	270	266	1456	1200	1200	1200	1199	1199	1200	0

1731325228	242	200	277	169	319	349	328	280	1455	1199	1200	1200	1199	1199	1200	0

1731325233	317	147	281	204	365	328	286	262	1456	1199	1200	1200	1199	1199	1200	0

1731325235	214	181	309	148	303	332	320	271	1456	1200	1200	1200	1199	1199	1200	0

1731325237	365	189	278	145	295	276	228	236	1456	1200	1200	1200	1199	1199	1200	0

1731325238	238	199	299	165	306	334	270	332	1456	1200	1200	1200	1199	1199	1200	0

1731325244	757	507	73	28	18	34	513	705	1456	1200	1200	1200	1199	1199	1200	0

1731325246	241	182	293	176	375	419	272	321	1456	1200	1200	1200	1199	1199	1200	0

1731325254	214	276	527	145	304	394	192	223	1456	1200	1200	1200	1199	1199	1200	0

1731325271	324	166	279	144	288	288	224	236	1456	1200	1200	1200	1199	1199	1200	0

1731325280	222	167	263	153	321	349	243	258	1456	1200	1200	1200	1199	1199	1200	0

1731325282	202	188	249	191	531	303	226	240	1456	1200	1200	1200	1199	1199	1200	0

1731325290	221	176	339	136	345	351	253	240	1456	1199	1200	1200	1199	1199	1200	0

1731325303	203	159	446	248	510	622	320	259	1456	1200	1200	1200	1199	1199	1200	0

1731325312	269	169	364	146	348	659	290	280	1456	1200	1200	1200	1199	1199	1200	0

1731325339	273	177	310	143	332	353	250	278	1456	1200	1200	1200	1199	1199	1200	0

1731325343	180	150	280	248	364	320	343	214	1456	1200	1200	1200	1199	1199	1200	0

1731325344	250	170	281	147	474	336	261	229	1456	1200	1200	1200	1199	1199	1200	0

1731325356	227	168	395	167	304	406	248	275	256	1201	1201	1201	1200	1200	1200	0

1731325364	311	180	317	157	286	331	255	264	1456	1200	1200	1200	1199	1199	1200	0

1731325370	221	184	257	213	271	328	258	269	1456	1200	1200	1200	1199	1199	1200	0

1731325378	255	267	338	155	497	357	286	391	1456	1200	1200	1200	1199	1199	1200	0

1731325387	204	155	297	164	288	321	291	331	1456	1200	1200	1200	1199	1199	1200	0

1731325391	258	177	347	235	387	348	332	486	1456	1199	1200	1200	1199	1199	1200	0

1731325410	224	168	335	146	312	374	270	260	1456	1200	1200	1200	1199	1199	1200	0

1731325410	208	165	287	155	311	710	231	248	1456	1200	1200	1200	1199	1199	1200	0

1731325420	232	284	293	126	304	308	265	229	1456	1200	1200	1200	1199	1199	1200	0

1731325421	254	209	412	157	365	445	313	351	1456	1200	1200	1200	1199	1199	1200	0

1731325457	246	24	28	26	17	21	242	240	1456	1200	1200	1200	1199	1199	1200	0

1731325459	257	166	302	175	340	362	257	402	1456	1200	1200	1200	1199	1199	1200	0

1731325459	271	215	391	236	586	657	610	699	1456	1200	1200	1200	1199	1203	1200	0

1731325481	220	185	297	163	315	312	229	233	1456	1200	1200	1200	1199	1199	1200	0

1731325490	206	159	275	183	380	398	259	237	1456	1200	1201	1201	1201	1199	1201	0

1731325497	214	165	471	133	383	338	292	237	1456	1200	1200	1200	1199	1199	1200	0

1731325500	208	225	426	32	21	25	233	249	1456	1200	1200	1200	1199	1199	1200	0

1731325507	352	32	35	34	1124	1124	1125	895	256	1200	1200	1200	1199	1201	1200	0

1731325512	346	31	35	32	21	112	337	618	256	1201	1201	1201	1200	1200	1200	0

1731325516	254	169	274	170	330	310	234	254	1455	1199	1200	1200	1199	1199	1200	0

1731325516	220	186	311	153	299	460	251	236	256	1199	1199	1199	1199	1199	1200	0

1731325516	233	200	491	147	271	321	253	247	1456	1200	1200	1200	1199	1199	1200	0

1731325519	219	141	309	163	339	363	246	256	1456	1200	1200	1200	1199	1199	1200	0

1731325527	280	25	30	28	19	23	24	325	1456	1200	1200	1200	1199	1199	1200	0

1731325543	198	26	31	27	18	22	24	206	1456	1200	1200	1200	1199	1199	1200	0

1731325544	218	165	300	149	448	316	216	327	1452	1200	1200	1200	1199	1199	1201	0

1731325557	236	225	274	139	293	416	225	243	1456	1200	1200	1200	1199	1199	1200	0

1731325562	273	179	324	160	322	368	232	303	1456	1200	1200	1200	1199	1199	1200	0

1731325570	224	162	247	133	266	348	257	219	1456	1200	1200	1200	1199	1199	1200	0

1731325571	214	165	288	141	427	362	228	239	1456	1200	1200	1200	1199	1199	1200	0

1731325574	221	164	261	164	310	308	289	282	1456	1200	1200	1200	1199	1199	1200	0

1731325586	224	163	262	148	337	358	499	419	1426	1201	1201	1201	1200	1200	1200	0

1731325586	256	199	393	235	412	919	284	332	1456	1200	1200	1200	1199	1199	1200	0

1731325597	223	176	334	147	296	363	466	301	1456	1200	1200	1200	1199	1199	1200	0

1731325613	241	181	339	191	353	385	263	275	256	1201	1201	1201	1200	1200	1200	0

1731325620	339	307	282	144	280	324	219	259	1456	1200	1200	1200	1199	1199	1200	0

1731325638	218	137	277	142	284	586	261	196	1456	1200	1200	1200	1199	1199	1200	0

1731325638	205	157	258	133	248	319	209	214	1456	1200	1200	1200	1199	1199	1200	0

1731325640	195	176	282	166	273	420	242	250	1455	1200	1200	1200	1199	1199	1200	0

1731325640	222	206	325	185	318	439	291	362	1456	1200	1200	1200	1199	1199	1200	0

1731325642	230	188	325	162	514	338	455	258	256	1200	1200	1200	1199	1199	1200	0

1731325646	192	171	299	143	332	390	251	249	1456	1200	1200	1200	1199	1199	1200	0

1731325651	251	241	408	215	459	614	584	635	1456	1200	1200	1200	1199	1199	1200	0

1731325676	210	198	262	161	285	458	232	254	1455	1199	1200	1200	1199	1199	1200	0

1731325677	209	170	333	198	393	340	283	243	1456	1200	1200	1200	1199	1199	1200	0

1731325687	224	164	266	153	320	400	290	248	1456	1200	1200	1200	1199	1199	1200	0

1731325700	213	230	326	148	400	309	242	229	1456	1200	1200	1200	1199	1199	1200	0

1731325704	197	190	272	169	333	342	253	271	1456	1200	1200	1200	1199	1199	1200	0

1731325718	233	168	300	139	282	448	228	277	1456	1200	1200	1200	1199	1199	1200	0

1731325721	233	159	358	136	307	390	230	256	1456	1200	1200	1200	1199	1199	1200	0

1731325728	277	30	38	43	30	25	33	285	1442	1201	1201	1201	1200	1200	1200	0

1731325734	458	29	36	28	17	247	33	434	1456	1200	1200	1200	1199	1199	1200	0

1731325756	207	159	348	167	332	318	285	279	1439	1200	1200	1200	1199	1199	1200	0

1731325761	203	187	341	151	283	298	220	231	1456	1200	1200	1200	1199	1199	1200	0

1731325779	240	190	291	162	296	398	274	262	1436	1201	1201	1201	1200	1201	1201	0

1731325783	193	171	319	158	528	340	220	236	1456	1200	1200	1200	1199	1199	1200	0

1731325784	213	166	327	146	454	355	224	245	1456	1200	1200	1200	1199	1203	1200	0

1731325785	245	276	414	32	26	23	25	347	1456	1200	1200	1200	1199	1199	1200	0

1731325789	354	26	31	29	20	544	660	744	1456	1200	1200	1200	1201	1200	1200	0

1731325794	214	171	271	141	340	388	267	235	1456	1200	1200	1200	1199	1199	1200	0

1731325794	208	204	299	141	287	322	238	223	1456	1200	1200	1200	1199	1199	1200	0

1731325807	199	168	308	165	288	342	258	324	256	1200	1200	1200	1201	1200	1200	0

1731325809	225	152	278	150	294	329	250	182	1456	1200	1200	1200	1199	1199	1200	0

1731325810	243	185	309	156	347	382	272	288	1431	1200	1200	1200	1201	1200	1200	0

1731325815	224	293	424	161	475	299	255	271	1456	1199	1200	1200	1199	1199	1200	0

1731325826	228	222	356	162	388	360	292	228	1456	1200	1200	1200	1199	1199	1200	0

1731325827	268	186	386	151	314	339	315	290	1456	1200	1200	1200	1199	1199	1200	0

1731325840	298	213	572	243	344	377	276	282	1456	1200	1200	1200	1199	1199	1200	0

1731325861	235	167	326	160	300	453	265	372	1456	1200	1200	1200	1199	1199	1200	0

1731325863	197	168	154	29	24	21	211	214	1456	1200	1200	1200	1199	1199	1200	0

1731325866	223	232	366	143	310	511	234	317	256	1200	1200	1200	1199	1199	1200	0

1731325875	261	163	282	145	268	395	326	276	1456	1200	1200	1200	1199	1199	1200	0

1731325881	375	156	268	157	385	333	260	226	1456	1200	1200	1200	1199	1199	1200	0

1731325891	205	219	298	131	349	436	222	254	1456	1200	1200	1200	1199	1201	1200	0

1731325900	246	274	689	180	294	393	286	328	1456	1201	1201	1201	1200	1200	1200	0

1731325907	355	199	325	178	340	391	432	333	1456	1200	1200	1200	1199	1203	1200	0

1731325917	257	144	336	151	384	601	270	242	1456	1200	1200	1200	1199	1199	1200	0

1731325923	1123	1123	1123	1123	1123	1123	1124	1123	1364	1152	1201	1201	1200	1200	343	0

1731325925	185	159	279	141	355	340	373	250	256	1201	1201	1201	1200	1200	1200	0

1731325926	191	226	306	154	346	397	263	253	256	1200	1200	1200	1199	1199	1200	0

1731325943	230	178	369	148	318	408	285	331	1456	1200	1200	1200	1199	1199	1200	0

1731325952	285	216	384	224	455	528	495	838	1456	1200	1200	1200	1199	1199	1200	0

1731325960	215	174	272	152	319	302	238	249	1456	1200	1200	1200	1199	1199	1200	0

1731325960	200	160	293	182	283	337	262	280	1456	1200	1200	1200	1199	1199	1200	0

1731325961	421	326	674	283	497	372	328	316	1456	1200	1200	1200	1199	1199	1200	0

1731325962	273	114	330	135	291	383	263	266	1457	1201	1201	1201	1200	1200	1200	0

1731325966	197	171	370	149	346	331	243	302	1456	1200	1200	1200	1199	1199	1200	0

1731325972	275	155	360	146	283	350	357	230	1456	1199	1200	1200	1199	1199	1200	0

1731325975	171	145	265	134	287	421	270	238	1456	1200	1200	1200	1199	1199	1200	0

1731325991	219	160	311	162	358	464	242	228	1456	1200	1200	1200	1199	1199	1200	0

1731326005	224	275	310	253	352	440	262	255	1456	1200	1200	1200	1199	1199	1200	0

1731326009	350	26	31	29	20	24	306	294	1456	1200	1200	1200	1199	1199	1200	0

1731326022	215	32	33	30	20	361	295	278	256	1200	1200	1200	1199	1199	1200	0

1731326027	405	214	350	165	310	490	236	241	1456	1200	1200	1200	1199	1199	1200	0

1731326030	206	209	276	151	315	325	253	385	1442	1201	1201	1201	1200	1200	1200	0

1731326031	193	159	29	26	17	21	24	247	1455	1199	1200	1200	1199	1199	1200	0

1731326032	227	153	292	158	266	336	261	231	1456	1199	1200	1200	1199	1199	1200	0

1731326037	264	194	33	29	19	21	23	249	1456	1200	1200	1200	1199	1199	1200	0

1731326038	203	146	328	148	292	379	217	230	1456	1200	1200	1200	1199	1199	1200	0

1731326040	189	163	271	146	306	463	295	255	1456	1200	1200	1200	1199	1201	1200	0

1731326043	314	307	359	171	366	505	268	342	1381	1201	1201	1201	1200	1200	1200	0

1731326045	384	220	567	160	300	576	373	326	1456	1200	1200	1200	1199	1199	1200	0

1731326050	203	162	318	142	278	320	293	229	1456	1200	1200	1200	1199	1199	1200	0

1731326056	273	366	423	198	317	327	369	326	1456	1200	1200	1200	1199	1199	1200	0

1731326069	247	191	316	156	276	448	227	237	1456	1200	1200	1200	1199	1199	1200	0

1731326071	187	210	394	177	271	313	232	309	256	1200	1200	1200	1199	1199	1200	0

1731326078	190	165	311	131	299	308	361	259	1456	1200	1200	1200	1199	1203	1200	0

1731326091	233	206	383	135	303	356	260	284	1456	1200	1200	1200	1199	1199	1200	0

1731326108	218	278	497	233	303	437	281	361	1448	1201	1201	1201	1200	1200	1200	0

1731326115	218	215	315	142	294	347	224	225	1456	1200	1200	1200	1199	1199	1200	0

1731326115	219	158	271	168	333	343	234	264	1456	1199	1200	1200	1199	1199	1200	0

1731326115	232	213	311	207	364	515	276	350	1455	1199	1200	1200	1199	1199	1200	0

1731326117	268	208	312	162	25	178	98	273	1455	1199	1199	1199	1199	1199	1200	0

1731326119	196	197	284	171	384	307	257	270	1456	1200	1201	1201	1201	1199	1201	0

1731326124	188	147	289	134	299	336	210	282	1456	1200	1200	1200	1199	1199	1200	0

1731326127	256	208	312	291	350	371	278	413	256	1200	1200	1200	1199	1199	1200	0

1731326151	255	189	440	176	294	327	279	301	1431	1201	1201	1201	1200	1200	1200	0

1731326153	206	179	307	137	326	362	237	271	1443	1201	1201	1201	1200	1200	1200	0

1731326167	215	153	331	153	339	377	311	277	1456	1200	1200	1200	1199	1199	1200	0

1731326173	194	150	278	175	287	491	218	247	1456	1200	1200	1200	1199	1199	1200	0

1731326174	313	28	31	27	17	20	24	274	1456	1200	1200	1200	1199	1199	1200	0

1731326177	229	177	316	198	346	374	354	277	1455	1199	1200	1200	1199	1199	1200	0

1731326178	225	156	307	158	306	323	225	243	1456	1200	1200	1200	1199	1199	1200	0

1731326180	190	151	293	153	306	391	238	213	1456	1200	1200	1200	1199	1199	1200	0

1731326187	266	180	401	156	340	396	286	285	1456	1200	1200	1200	1199	1199	1200	0

1731326188	249	56	30	27	18	21	171	438	256	1200	1200	1200	1199	1199	1200	0

1731326191	202	159	249	143	314	307	218	244	1456	1200	1200	1200	1199	1199	1200	0

1731326193	224	285	498	349	353	364	269	297	256	1201	1201	1201	1200	1200	1200	0

1731326199	233	156	288	158	342	447	254	213	1456	1200	1200	1200	1199	1199	1200	0

1731326201	203	164	259	182	277	298	222	248	1456	1200	1200	1200	1199	1199	1200	0

1731326204	213	192	322	134	318	498	242	266	256	1200	1200	1200	1199	1199	1200	0

1731326208	238	180	288	170	320	444	271	449	1428	1200	1200	1200	1199	1199	1200	0

1731326235	376	175	260	145	280	320	482	234	1456	1200	1200	1200	1199	1199	1200	0

1731326260	191	157	272	158	432	366	285	233	1456	1200	1200	1200	1199	1199	1200	0

1731326267	169	177	255	30	19	246	24	206	1446	1200	1200	1200	1199	1199	1200	0

1731326268	230	163	401	151	382	395	248	265	1456	1200	1200	1200	1199	1199	1200	0

1731326272	307	213	369	186	449	527	390	444	1456	1200	1200	1200	1199	1199	1200	0

1731326276	217	199	287	147	316	331	234	259	1456	1200	1200	1200	1199	1199	1200	0

1731326277	407	318	383	254	249	319	231	229	1456	1200	1200	1200	1199	1199	1200	0

1731326280	245	162	837	246	365	537	239	249	1454	1198	1199	1199	1199	1199	1199	0

1731326301	227	166	286	169	491	356	371	325	1457	1201	1201	1201	1200	1200	1200	0

1731326316	228	161	295	138	325	419	227	261	1456	1200	1200	1200	1199	1199	1200	0

1731326316	295	31	280	116	1125	967	700	1033	256	1199	1199	1199	1199	1199	1200	0

1731326318	223	159	281	164	261	320	228	230	1456	1200	1200	1200	1199	1199	1200	0

1731326330	220	160	265	210	288	322	251	217	1456	1200	1200	1200	1199	1199	1200	0

1731326333	227	169	462	167	359	278	220	232	1456	1199	1200	1200	1199	1199	1200	0

1731326334	195	208	301	160	274	316	248	246	1456	1200	1200	1200	1199	1199	1200	0

1731326339	291	176	275	209	338	459	219	250	1456	1200	1200	1200	1199	1203	1200	0

1731326349	260	250	316	159	355	442	279	315	1456	1200	1200	1200	1199	1199	1200	0

1731326350	290	196	461	149	344	388	289	309	1456	1200	1200	1200	1199	1199	1200	0

1731326351	204	176	335	166	325	370	281	330	256	1200	1200	1200	1199	1199	1200	0

1731326393	228	148	442	127	357	310	220	201	1456	1199	1200	1200	1199	1199	1200	0

1731326395	225	153	269	169	549	378	303	239	1456	1200	1200	1200	1199	1199	1200	0

1731326402	403	28	32	28	18	71	229	214	1456	1200	1200	1200	1199	1199	1200	0

1731326402	243	239	351	150	421	530	266	354	256	1200	1200	1200	1199	1199	1200	0

1731326405	209	184	244	141	284	313	264	231	1456	1200	1200	1200	1199	1199	1200	0

1731326410	221	182	285	149	330	389	241	367	1440	1200	1200	1200	1199	1199	1200	0

1731326414	206	193	367	158	385	372	254	273	1456	1200	1200	1200	1199	1199	1200	0

1731326432	214	172	302	158	418	331	219	297	1456	1200	1200	1200	1199	1199	1200	0

1731326437	224	192	307	168	298	538	288	393	1456	1200	1200	1200	1199	1199	1200	0

1731326447	298	228	373	164	306	338	251	247	1455	1199	1200	1200	1199	1199	1200	0

1731326455	191	192	399	150	285	344	420	267	1456	1200	1200	1200	1199	1199	1200	0

1731326458	708	23	28	26	17	21	23	275	1456	1200	1200	1200	1200	1200	1200	0

1731326462	198	168	261	221	333	353	229	245	1456	1200	1200	1200	1199	1199	1200	0

1731326466	263	177	249	131	285	396	276	227	1456	1200	1200	1200	1199	1199	1200	0

1731326480	186	233	278	146	492	340	307	238	1456	1200	1200	1200	1199	1199	1200	0

1731326489	209	181	277	155	332	334	249	418	1456	1200	1200	1200	1199	1199	1200	0

1731326497	251	237	328	156	282	355	276	240	1456	1199	1200	1200	1199	1199	1200	0

1731326503	211	182	584	162	311	419	244	390	1456	1200	1200	1200	1199	1199	1200	0

1731326504	202	189	318	257	305	326	294	252	1456	1200	1200	1200	1199	1199	1200	0

1731326513	188	165	252	202	281	353	260	226	1456	1200	1200	1200	1199	1199	1200	0

1731326526	332	31	34	32	21	24	331	444	256	1200	1200	1200	1199	1199	1200	0

1731326528	328	218	293	141	338	362	246	265	1456	1200	1200	1200	1199	1199	1200	0

1731326538	206	210	275	177	278	315	250	269	1455	1199	1200	1200	1199	1199	1200	0

1731326544	215	166	380	162	319	364	241	304	256	1200	1200	1200	1199	1199	1200	0

1731326544	160	152	323	128	359	316	247	313	256	1200	1200	1200	1199	1199	1200	0

1731326551	206	177	257	156	333	319	260	243	1456	1200	1200	1200	1199	1199	1200	0

1731326555	387	184	374	156	326	388	314	269	1456	1200	1200	1200	1199	1199	1200	0

1731326575	235	148	352	153	274	295	267	255	1456	1200	1200	1200	1199	1199	1200	0

1731326576	211	233	253	124	301	368	266	234	1456	1200	1200	1200	1199	1199	1200	0

1731326599	352	393	442	138	281	420	246	241	1456	1200	1200	1200	1199	1199	1200	0

1731326600	211	177	310	148	381	460	316	244	1456	1200	1200	1200	1199	1199	1200	0

1731326601	199	177	296	204	304	422	305	230	1456	1200	1200	1200	1199	1199	1200	0

1731326603	301	30	281	147	628	743	576	260	1456	1200	1200	1200	1199	1199	1200	0

1731326609	250	184	368	186	287	390	247	241	1456	1200	1200	1200	1199	1199	1200	0

1731326620	542	287	559	281	917	676	446	263	1456	1200	1200	1200	1199	1199	1200	0

1731326633	209	168	273	145	339	333	268	233	1455	1199	1200	1200	1199	1199	1200	0

1731326666	225	173	323	148	376	364	370	734	256	1200	1200	1200	1199	1199	1200	0

1731326675	319	321	502	176	888	667	458	326	1456	1200	1200	1200	1199	1199	1200	0

1731326680	287	201	311	246	741	889	833	508	1456	1200	1200	1200	1199	1199	1200	0

1731326681	214	177	293	156	357	788	434	252	1455	1199	1200	1200	1199	1199	1200	0

1731326703	265	207	304	145	378	420	293	548	256	1200	1200	1200	1199	1199	1200	0

1731326704	212	160	297	143	278	295	208	216	1456	1200	1200	1200	1199	1199	1200	0

1731326722	195	177	269	129	281	315	244	237	1455	1199	1200	1200	1199	1199	1200	0

1731326726	260	199	802	177	359	477	297	323	1456	1200	1200	1200	1199	1199	1200	0

1731326772	257	318	985	368	645	645	527	281	1456	1200	1200	1200	1199	1199	1200	0

1731326791	303	150	285	174	288	310	241	268	1456	1200	1200	1200	1199	1199	1200	0

1731326807	215	169	314	143	375	796	240	289	1442	1201	1201	1201	1200	1200	1200	0

1731326817	278	301	294	179	290	557	267	224	1456	1200	1201	1201	1201	1199	1201	0

1731326820	241	315	605	327	601	743	479	550	256	1200	1200	1200	1199	1199	1200	0

1731326823	320	150	282	132	281	467	275	257	1456	1200	1200	1200	1199	1199	1200	0

1731326830	249	185	276	154	308	359	312	311	1455	1203	1200	1200	1199	1199	1200	0

1731326831	229	163	352	170	323	397	238	492	256	1200	1200	1200	1199	1199	1200	0

1731326841	218	177	288	145	444	318	208	232	1456	1200	1200	1200	1199	1199	1200	0

1731326843	258	27	32	30	20	24	25	347	1456	1200	1200	1200	1199	1199	1200	0

1731326845	234	185	297	148	307	388	236	260	1456	1200	1200	1200	1199	1199	1200	0

1731326846	436	187	280	160	321	336	261	453	1456	1200	1200	1200	1199	1199	1200	0

1731326847	215	156	281	138	398	330	234	258	1456	1200	1200	1200	1199	1199	1200	0

1731326849	148	157	254	153	337	308	234	230	1456	1200	1200	1200	1199	1199	1200	0

1731326854	206	155	479	329	685	325	244	269	1456	1200	1200	1200	1199	1199	1200	0

1731326858	197	173	298	147	321	465	272	273	1444	1200	1200	1200	1199	1199	1201	0

1731326863	350	263	436	806	1124	1124	1004	1125	256	1201	1201	0	1200	1200	1200	0

1731326873	225	161	286	137	328	382	215	219	1456	1200	1200	1200	1199	1199	1200	0

1731326887	552	224	299	138	381	556	223	226	1456	1200	1200	1200	1199	1199	1200	0

1731326891	258	23	29	23	15	17	21	282	1455	1199	1200	1200	1199	1199	1200	0

1731326899	223	272	493	161	291	449	253	274	1455	1199	1200	1200	1199	1199	1200	0

1731326903	442	159	292	147	283	290	213	225	1456	1200	1200	1200	1199	1199	1200	0

1731326908	214	149	350	127	350	322	237	224	1456	1200	1200	1200	1199	1199	1200	0

1731326909	504	191	475	426	386	333	221	239	1456	1200	1200	1200	1199	1199	1200	0

1731326915	285	163	330	145	302	343	232	286	1455	1199	1200	1200	1199	1199	1200	0

1731326919	198	268	327	144	298	356	396	255	1456	1200	1200	1200	1199	1199	1200	0

1731326922	221	200	362	171	297	350	414	309	1448	1200	1201	1201	1200	1200	1200	0

1731326956	286	235	279	160	294	317	248	232	1455	1199	1200	1200	1199	1199	1200	0

1731326957	236	178	296	399	625	392	304	265	1456	1200	1200	1200	1199	1199	1200	0

1731326958	210	171	351	145	451	337	213	288	1456	1200	1200	1200	1199	1199	1200	0

1731326959	220	214	656	146	285	292	224	247	1456	1200	1200	1200	1199	1199	1200	0

1731326961	198	149	331	142	270	312	277	237	1456	1200	1200	1200	1199	1199	1200	0

1731326968	211	230	332	144	303	353	285	247	1456	1200	1200	1200	1199	1199	1200	0

1731326971	213	152	271	132	304	341	250	245	1456	1200	1200	1200	1199	1199	1200	0

1731326973	217	150	298	151	337	324	255	260	1456	1200	1200	1200	1199	1199	1200	0

1731326974	206	230	319	155	286	305	226	275	1456	1200	1200	1200	1199	1199	1200	0

1731326988	212	151	646	28	18	418	229	229	1456	1199	1200	1200	1199	1199	1200	0

1731327002	238	151	317	148	306	318	248	220	1456	1200	1200	1200	1199	1199	1200	0

1731327005	214	156	637	144	335	355	255	335	1456	1200	1200	1200	1199	1199	1200	0

1731327010	275	162	505	158	357	437	341	306	1456	1200	1200	1200	1199	1199	1200	0

1731327031	1124	466	360	144	484	493	196	232	1456	1200	1200	1200	1199	1199	1200	0

1731327038	216	206	380	262	579	382	256	399	256	1200	1200	1200	1199	1199	1201	0

1731327047	349	444	404	278	346	414	327	421	1447	1200	1200	1200	1199	1199	1200	0

1731327058	248	142	303	137	334	363	263	237	1456	1200	1200	1200	1199	1199	1200	0

1731327058	225	166	298	154	292	301	224	228	1456	1199	1200	1200	1199	1199	1200	0

1731327061	224	177	584	271	372	339	285	327	256	1201	1201	1201	1200	1200	1200	0

1731327067	233	192	431	176	296	345	257	327	256	1201	1201	1201	1200	1200	1200	0

1731327070	203	275	538	157	302	336	248	272	1457	1201	1201	1201	1200	1200	1200	0

1731327080	238	163	295	146	275	336	244	250	1456	1200	1200	1200	1199	1199	1200	0

1731327082	229	262	350	153	297	320	243	237	1456	1200	1200	1200	1199	1199	1200	0

1731327085	229	244	367	165	367	498	287	543	256	1200	1200	1200	1199	1199	1200	0

1731327105	225	174	278	157	287	317	233	258	1456	1200	1200	1200	1199	1199	1200	0

1731327105	223	28	32	206	264	399	270	258	1456	1200	1200	1200	1199	1199	1200	0

1731327106	281	175	291	209	360	340	265	319	1456	1199	1200	1200	1199	1199	1200	0

1731327121	276	175	342	181	318	349	244	258	1456	1200	1200	1200	1199	1199	1200	0

1731327122	184	176	388	165	253	305	240	220	1456	1200	1200	1200	1199	1199	1200	0

1731327127	192	148	299	127	355	322	27	234	1456	1200	1200	1200	1199	1199	1200	0

1731327127	211	166	279	168	268	308	244	241	1456	1200	1200	1200	1199	1199	1200	0

1731327131	213	200	380	258	321	317	303	253	1455	1199	1200	1200	1199	1199	1200	0

1731327140	217	158	318	156	396	387	285	262	1456	1199	1200	1200	1199	1199	1200	0

1731327145	260	189	448	149	268	360	308	239	1456	1200	1200	1200	1199	1199	1200	0

1731327147	224	171	367	168	298	315	234	279	1456	1199	1200	1200	1199	1199	1200	0

1731327153	317	209	34	29	19	862	301	358	1456	1200	1200	1200	1199	1199	1200	0

1731327173	213	157	291	157	286	316	248	262	1456	1200	1200	1200	1199	1199	1200	0

1731327174	236	175	295	142	281	335	222	232	1456	1200	1200	1200	1199	1199	1200	0

1731327186	228	156	303	146	283	317	223	240	1456	1200	1200	1200	1199	1199	1200	0

1731327194	216	167	309	179	539	444	256	298	256	1200	1200	1200	1199	1199	1200	0

1731327198	284	175	394	165	413	530	368	403	256	1200	1200	1200	1199	1199	1201	0

1731327223	236	155	326	145	405	556	289	271	1456	1200	1200	1200	1199	1199	1200	0

1731327225	245	177	284	138	303	369	426	498	256	1200	1200	1200	1199	1199	1200	0

1731327226	260	57	25	22	14	17	380	439	256	1200	1200	1200	1199	1199	1200	0

1731327238	245	213	294	187	319	438	228	235	1456	1200	1200	1200	1199	1199	1200	0

1731327238	235	192	330	161	419	801	274	308	256	1199	1199	1199	1199	1199	1200	0

1731327241	285	185	327	246	378	434	291	357	1456	1200	1200	1200	1199	1199	1200	0

1731327243	262	165	307	140	286	347	225	227	1456	1200	1200	1200	1199	1199	1200	0

1731327253	208	189	339	159	364	400	282	332	256	1200	1200	1200	1199	1199	1200	0

1731327257	189	178	370	138	319	353	246	246	1456	1199	1200	1200	1199	1199	1200	0

1731327271	216	180	272	139	292	316	229	237	1456	1200	1200	1200	1199	1199	1200	0

1731327289	219	163	328	144	294	402	248	271	1456	1200	1200	1200	1199	1199	1200	0

1731327290	326	231	352	197	364	366	283	426	1455	1199	1200	1200	1199	1199	1200	0

1731327302	231	172	353	177	309	582	708	653	1446	1200	1200	1200	1199	1199	1201	0

1731327306	211	168	279	163	290	341	237	236	1456	1200	1200	1200	1199	1199	1200	0

1731327313	240	150	280	142	369	338	363	219	1456	1200	1200	1200	1199	1199	1200	0

1731327317	234	206	327	168	392	389	258	258	1316	1200	1200	1200	1199	1199	1200	0

1731327321	217	137	37	28	24	228	208	231	1456	1200	1200	1200	1199	1199	1200	0

1731327342	254	29	33	31	21	85	293	346	1442	1201	1201	1201	1200	1200	1200	0

1731327353	317	146	250	141	264	311	261	245	1455	1199	1200	1200	1199	1199	1200	0

1731327355	194	160	280	135	319	331	27	225	1456	1200	1200	1200	1199	1199	1200	0

1731327357	708	29	31	28	18	21	23	291	1456	1200	1200	1200	1199	1199	1200	0

1731327357	220	187	280	162	477	342	338	313	1456	1200	1200	1200	1199	1199	1200	0

1731327367	218	235	286	171	379	341	281	227	1436	1200	1200	1200	1199	1199	1200	0

1731327384	284	208	645	320	338	535	252	287	1456	1200	1200	1200	1199	1199	1200	0

1731327392	223	196	785	263	381	449	254	336	256	1201	1201	1201	1200	1199	1200	0

1731327394	303	169	321	201	354	393	283	244	1456	1200	1200	1200	1199	1199	1200	0

1731327402	251	200	338	196	420	418	376	344	1456	1200	1200	1200	1200	1200	1200	0

1731327414	243	164	301	134	266	315	391	216	1456	1200	1200	1200	1199	1199	1200	0

1731327418	204	162	312	211	380	367	247	298	1456	1200	1200	1200	1199	1199	1200	0

1731327420	324	171	463	281	562	734	485	323	1448	1201	1201	1201	1200	1200	1200	0

1731327424	237	150	257	143	306	327	254	233	1456	1200	1200	1200	1199	1199	1200	0

1731327428	428	156	319	150	320	333	243	239	1456	1200	1200	1200	1199	1199	1200	0

1731327430	209	158	303	153	288	335	235	249	1456	1200	1200	1200	1199	1199	1200	0

1731327437	296	168	262	146	317	371	243	295	1456	1200	1200	1200	1199	1199	1200	0

1731327438	269	188	274	151	299	351	217	232	1456	1199	1200	1200	1199	1199	1200	0

1731327455	279	85	308	185	355	693	274	345	256	1200	1200	1200	1199	1199	1200	0

1731327459	234	152	594	140	267	321	248	253	1456	1200	1200	1200	1199	1199	1200	0

1731327474	205	201	282	140	328	330	224	266	1456	1200	1200	1200	1199	1199	1200	0

1731327480	197	153	290	167	318	588	268	243	1456	1200	1200	1200	1199	1199	1200	0

1731327484	201	28	436	197	365	339	247	290	256	1201	1201	1201	1200	1200	1200	0

1731327509	213	25	358	164	334	341	277	315	1456	1200	1200	1200	1199	1199	1200	0

1731327509	275	64	85	29	19	73	269	265	1456	1200	1200	1200	1199	1199	1200	0

1731327509	205	165	489	142	323	364	231	240	1456	1200	1200	1200	1199	1199	1200	0

1731327522	270	161	292	142	293	357	253	263	1456	1200	1200	1200	1200	1200	1200	0

1731327525	279	179	317	151	340	439	232	233	1456	1200	1200	1200	1199	1199	1200	0

1731327525	243	168	316	161	304	327	263	248	1456	1200	1200	1200	1199	1199	1200	0

1731327530	210	189	281	158	269	366	225	272	1456	1199	1200	1200	1199	1199	1200	0

1731327535	344	308	355	175	322	412	260	255	1456	1200	1200	1200	1199	1199	1200	0

1731327542	223	171	305	174	375	332	240	273	1456	1200	1200	1200	1199	1199	1200	0

1731327543	182	307	323	167	346	517	304	317	256	1200	1200	1200	1199	1199	1201	0

1731327547	232	198	368	151	315	466	257	331	256	1200	1200	1200	1199	1199	1200	0

1731327555	254	152	297	146	275	332	259	242	1456	1200	1200	1200	1199	1199	1200	0

1731327559	225	251	292	151	350	386	309	266	256	1199	1200	1200	1200	1199	1200	0

1731327593	183	165	338	162	334	321	235	232	1456	1199	1200	1200	1199	1199	1200	0

1731327602	211	211	296	179	307	347	281	327	256	1201	1201	1201	1200	1200	1200	0

1731327630	201	193	364	156	379	568	495	739	256	1201	1201	1201	1200	1200	1200	0

1731327638	469	362	308	151	346	397	300	263	1456	1200	1200	1200	1199	1199	1200	0

1731327638	211	208	267	268	517	439	326	266	1456	1200	1200	1200	1199	1199	1200	0

1731327641	201	153	307	156	275	304	251	249	1456	1200	1200	1200	1199	1199	1200	0

1731327647	256	293	536	224	326	374	232	245	1456	1200	1200	1200	1199	1199	1200	0

1731327653	218	312	417	131	297	348	246	312	1456	1200	1200	1200	1199	1199	1200	0

1731327667	323	54	25	23	221	21	22	479	256	1200	1200	1200	1200	1200	1200	0

1731327668	201	162	305	133	313	345	221	249	1456	1200	1200	1200	1199	1199	1200	0

1731327670	215	188	324	142	468	345	211	255	1456	1200	1200	1200	1199	1199	1200	0

1731327676	239	184	273	126	324	464	261	304	1456	1199	1200	1200	1199	1199	1200	0

1731327683	212	149	261	150	329	443	254	258	1456	1200	1200	1200	1199	1199	1200	0

1731327684	316	372	293	86	362	332	356	248	1456	1200	1200	1200	1199	1203	1200	0

1731327696	191	171	274	134	384	336	227	229	1456	1200	1200	1200	1199	1201	1200	0

1731327696	209	150	298	175	318	356	239	258	1456	1200	1200	1200	1199	1199	1200	0

1731327696	286	188	290	157	377	585	307	278	1440	1200	1200	1200	1199	1199	1200	0

1731327712	215	161	306	162	369	343	589	458	1386	1201	1201	1201	1200	1200	1200	0

1731327713	208	174	311	141	326	348	262	290	256	1200	1200	1200	1199	1199	1200	0

1731327717	208	202	270	143	305	325	248	241	1456	1200	1200	1200	1199	1199	1200	0

1731327722	519	341	863	255	513	723	230	241	1456	1200	1200	1200	1199	1199	1200	0

1731327728	251	169	299	194	310	348	273	244	1456	1200	1200	1200	1199	1199	1200	0

1731327732	224	162	268	148	349	311	280	256	1456	1200	1200	1200	1199	1199	1200	0

1731327746	230	150	304	211	293	327	249	241	1456	1200	1200	1200	1199	1199	1200	0

1731327748	246	198	318	138	288	485	250	256	1456	1200	1201	1201	1201	1201	1201	0

1731327748	327	203	333	163	328	675	346	632	1456	1200	1200	1200	1199	1199	1200	0

1731327749	219	198	386	243	277	339	283	251	1456	1200	1200	1200	1199	1199	1200	0

1731327749	211	167	327	179	293	310	280	239	1456	1200	1200	1200	1199	1199	1200	0

1731327757	232	169	304	146	282	399	304	256	1456	1200	1200	1200	1199	1199	1200	0

1731327757	266	278	510	155	290	353	268	251	1456	1200	1200	1200	1199	1199	1200	0

1731327761	281	243	300	206	512	541	235	288	1456	1200	1200	1200	1199	1199	1200	0

1731327762	246	206	305	153	365	342	311	377	1435	1200	1200	1200	1199	1199	1200	0

1731327778	219	168	286	202	384	353	344	471	1455	1200	1200	1200	1199	1199	1201	0

1731327780	312	20	26	22	14	17	21	330	1456	1200	1200	1200	1199	1199	1200	0

1731327785	223	158	288	147	326	328	232	271	1456	1200	1200	1200	1199	1199	1200	0

1731327797	198	152	262	127	306	349	228	226	1456	1200	1200	1200	1199	1199	1200	0

1731327801	192	198	293	234	475	349	470	279	1453	1200	1200	1200	1199	1199	1201	0

1731327802	285	193	343	167	385	410	358	382	1456	1200	1200	1200	1199	1199	1200	0

1731327810	303	191	308	167	343	375	248	278	1456	1200	1200	1200	1199	1199	1200	0

1731327814	322	200	289	157	299	322	242	284	1456	1200	1200	1200	1199	1199	1200	0

1731327828	237	210	300	166	462	329	284	493	1440	1200	1200	1200	1199	1199	1200	0

1731327830	202	182	260	137	301	311	300	218	1456	1199	1200	1200	1199	1199	1200	0

1731327839	204	27	323	139	312	296	244	258	1412	1200	1200	1200	1199	1199	1200	0

1731327879	237	188	32	80	324	527	261	346	256	1200	1200	1200	1199	1199	1200	0

1731327898	310	203	413	162	387	435	287	362	1456	1200	1200	1200	1199	1199	1200	0

1731327902	214	192	304	170	374	412	245	300	1448	1201	1201	1201	1200	1200	1200	0

1731327903	231	194	351	180	722	919	271	435	1435	1200	1200	1200	1199	1199	1200	0

1731327909	210	175	289	145	331	308	237	314	1453	1200	1200	1200	1199	1199	1200	0

1731327910	257	168	347	171	426	788	254	288	1456	1200	1200	1200	1199	1199	1200	0

1731327913	232	153	304	149	454	555	359	250	1456	1200	1200	1200	1199	1199	1200	0

1731327915	291	157	328	149	302	267	232	218	1456	1200	1201	1201	1201	1201	1201	0

1731327927	225	158	333	131	322	579	324	220	1456	1200	1200	1200	1199	1199	1200	0

1731327927	220	165	301	140	419	312	208	230	1455	1199	1200	1200	1199	1199	1200	0

1731327930	249	179	597	196	331	370	257	290	1299	1200	1200	1200	1199	1199	1200	0

1731327942	212	24	266	169	292	362	236	243	1456	1200	1200	1200	1199	1199	1200	0

1731327945	221	190	343	293	289	383	360	295	1428	1200	1200	1200	1199	1199	1200	0

1731327947	168	219	286	158	403	379	239	295	256	1200	1200	1200	1199	1199	1200	0

1731327954	248	184	286	139	301	326	254	426	1456	1200	1200	1200	1199	1199	1200	0

1731327955	249	185	307	141	377	301	223	239	1456	1200	1200	1200	1199	1199	1200	0

1731327956	252	160	279	192	495	642	240	289	1456	1200	1200	1200	1199	1199	1200	0

1731327967	198	164	294	155	290	299	235	240	1456	1200	1200	1200	1199	1199	1200	0

1731327971	220	164	296	167	381	395	224	239	1456	1200	1200	1200	1199	1199	1200	0

1731327972	335	167	299	251	722	385	259	283	1455	1199	1200	1200	1199	1199	1200	0

1731327976	244	192	641	315	790	1014	605	353	1426	1200	1200	1200	1199	1199	1200	0

1731327986	231	150	294	150	304	322	283	290	1456	1200	1200	1200	1199	1199	1200	0

1731327995	222	247	275	148	304	408	386	248	1456	1200	1200	1200	1199	1199	1200	0

1731328018	172	184	338	155	307	370	24	286	256	1200	1200	1200	1199	1199	1200	0

1731328028	233	189	527	209	349	367	276	542	256	1201	1201	1201	1200	1200	1200	0

1731328031	215	173	300	147	412	355	218	348	1455	1200	1200	1200	1199	1199	1200	0

1731328078	218	181	313	142	312	312	290	295	1456	1200	1200	1200	1199	1199	1200	0

1731328089	199	216	214	28	18	22	202	212	1456	1200	1200	1200	1199	1199	1200	0

1731328095	421	323	512	263	274	382	285	381	1456	1200	1200	1200	1199	1199	1200	0

1731328095	266	214	381	220	152	438	349	393	1456	1199	1200	1200	1199	1199	1200	0

1731328101	212	178	317	159	352	369	261	339	1431	1200	1200	1200	1199	1199	1200	0

1731328112	218	161	255	137	296	316	212	225	1456	1200	1200	1200	1199	1199	1200	0

1731328118	302	196	300	165	336	373	344	278	1456	1200	1200	1200	1199	1199	1200	0

1731328120	203	144	355	137	276	344	234	236	1456	1200	1200	1200	1199	1199	1200	0

1731328126	225	186	310	146	280	386	344	270	1456	1200	1200	1200	1199	1199	1200	0

1731328129	186	246	271	151	336	499	294	220	1456	1199	1200	1200	1199	1199	1200	0

1731328132	211	145	97	29	18	21	23	169	1455	1199	1199	1199	1199	1199	1199	0

1731328135	200	191	345	195	273	411	228	289	1456	1200	1200	1200	1199	1199	1200	0

1731328145	225	193	401	168	349	535	255	250	1456	1200	1200	1200	1199	1199	1200	0

1731328153	201	158	255	158	297	716	326	237	1456	1200	1200	1200	1199	1199	1200	0

1731328161	202	158	275	140	290	342	204	244	1456	1200	1200	1200	1199	1199	1200	0

1731328162	157	27	28	25	16	18	21	214	256	1199	1200	1200	1199	1199	1200	0

1731328176	223	208	326	140	293	328	219	246	1456	1200	1200	1200	1199	1199	1200	0

1731328189	235	171	361	163	500	427	242	273	1456	1200	1200	1200	1199	1199	1200	0

1731328191	252	178	341	141	304	495	414	288	1456	1199	1200	1200	1199	1199	1200	0

1731328191	227	151	381	139	303	462	253	307	1450	1199	1199	1199	1198	1199	1199	0

1731328214	205	165	341	136	280	294	228	298	1456	1200	1200	1200	1199	1199	1200	0

1731328224	234	210	304	165	331	381	498	287	1456	1200	1200	1200	1199	1199	1200	0

1731328240	262	197	350	174	409	368	332	297	1456	1200	1200	1200	1199	1199	1200	0

1731328242	222	182	271	148	327	416	260	464	1441	1201	1201	1201	1200	1200	1200	0

1731328250	240	201	339	188	390	452	380	364	256	1200	1200	1200	1199	1199	1200	0

1731328273	241	172	336	135	443	544	27	285	1456	1200	1200	1200	1199	1199	1200	0

1731328277	221	171	254	140	337	301	252	225	1456	1199	1200	1200	1199	1199	1200	0

1731328285	439	407	544	268	355	324	239	256	1455	1199	1200	1200	1199	1199	1200	0

1731328288	223	204	278	151	294	365	256	235	1456	1200	1200	1200	1199	1199	1200	0

1731328293	172	144	32	28	18	21	68	378	256	1201	1201	1201	1200	1200	1200	0

1731328300	274	172	287	146	290	410	234	239	1456	1200	1200	1200	1199	1199	1200	0

1731328302	324	227	281	147	285	461	281	251	1456	1200	1200	1200	1199	1199	1200	0

1731328311	250	201	318	144	252	328	238	255	1456	1200	1200	1200	1199	1199	1200	0

1731328317	231	390	320	159	351	557	229	365	256	1200	1200	1200	1199	1199	1200	0

1731328325	244	198	395	187	523	432	302	451	1456	1199	1200	1200	1199	1199	1200	0

1731328336	209	172	418	134	348	403	242	342	256	1200	1200	1200	1199	1199	1200	0

1731328345	214	199	271	145	266	343	214	298	1456	1200	1200	1200	1199	1199	1200	0

1731328346	251	187	298	151	344	323	252	238	1456	1200	1200	1200	1199	1199	1200	0

1731328347	216	200	447	158	304	355	242	252	1456	1200	1200	1200	1199	1199	1200	0

1731328351	260	160	267	178	375	374	249	251	1456	1200	1200	1200	1199	1199	1200	0

1731328352	305	193	546	164	403	426	300	290	1456	1200	1200	1200	1199	1201	1200	0

1731328357	207	144	535	183	481	357	249	250	1456	1200	1200	1200	1199	1199	1200	0

1731328359	386	160	407	242	283	374	253	344	1456	1200	1200	1200	1199	1199	1200	0

1731328359	236	180	282	142	299	319	264	237	1456	1199	1200	1200	1199	1199	1200	0

1731328386	239	157	288	145	321	344	229	303	1448	1201	1201	1201	1200	1200	1200	0

1731328393	237	175	320	157	368	352	251	361	256	1200	1200	1200	1199	1199	1201	0

1731328393	440	154	49	288	701	369	236	286	1456	1200	1200	1200	1199	1199	1200	0

1731328396	293	257	351	149	308	337	291	381	1456	1200	1200	1200	1199	1199	1200	0

1731328401	222	375	312	146	319	461	292	322	256	1200	1200	1200	1200	1200	1200	0

1731328420	206	155	286	144	400	399	297	291	1456	1200	1200	1200	1199	1199	1200	0

1731328424	226	180	348	194	302	418	264	466	256	1200	1200	1200	1199	1199	1201	0

1731328424	269	196	260	157	272	308	246	230	1456	1200	1200	1200	1199	1199	1200	0

1731328429	216	177	434	304	281	290	275	226	1456	1200	1200	1200	1199	1199	1200	0

1731328432	188	319	366	136	398	395	295	226	1456	1200	1200	1200	1199	1199	1200	0

1731328459	286	190	262	148	269	666	239	272	1456	1200	1200	1200	1199	1199	1200	0

1731328463	213	173	294	200	397	542	254	347	256	1201	1201	1201	1200	1200	1200	0

1731328468	205	244	360	208	292	412	269	233	1456	1200	1200	1200	1199	1199	1200	0

1731328477	238	156	289	163	296	345	396	265	1455	1199	1200	1200	1199	1199	1200	0

1731328487	374	422	652	154	345	371	312	343	1456	1200	1200	1200	1199	1199	1200	0

1731328495	201	150	302	139	320	339	210	248	1456	1200	1200	1200	1199	1203	1200	0

1731328497	269	169	291	165	337	328	255	247	1456	1200	1200	1200	1199	1199	1200	0

1731328518	315	163	487	230	346	326	372	248	1456	1200	1200	1200	1199	1199	1200	0

1731328521	210	163	31	27	18	22	143	286	1456	1200	1200	1200	1199	1199	1200	0

1731328529	232	181	338	177	291	333	259	280	256	1200	1200	1200	1199	1199	1201	0

1731328535	238	172	259	124	296	351	272	263	1456	1200	1200	1200	1199	1199	1200	0

1731328536	195	122	332	67	348	385	324	362	256	1201	1201	1201	1200	1199	1200	0

1731328542	197	159	269	148	253	333	246	274	1456	1200	1201	1201	1200	1199	1201	0

1731328547	201	199	305	160	285	312	233	244	1456	1200	1200	1200	1199	1199	1200	0

1731328551	220	166	295	211	353	391	309	271	256	1200	1200	1200	1199	1199	1200	0

1731328553	214	229	302	146	328	382	248	279	1456	1200	1200	1200	1199	1199	1200	0

1731328558	202	152	294	148	274	331	267	393	1456	1200	1200	1200	1199	1199	1200	0

1731328558	625	409	313	190	291	351	241	279	1456	1200	1200	1200	1199	1199	1200	0

1731328565	193	179	285	163	332	465	267	275	1456	1200	1200	1200	1199	1199	1200	0

1731328572	209	26	29	26	17	357	247	250	1456	1200	1200	1200	1199	1199	1200	0

1731328588	194	322	393	138	347	322	238	321	256	1200	1200	1200	1199	1199	1200	0

1731328604	228	180	391	167	335	430	361	273	256	1200	1200	1200	1199	1203	1200	0

1731328607	213	147	419	186	606	338	253	310	256	1200	1200	1200	1199	1199	1200	0

1731328609	263	166	319	131	264	300	262	238	1456	1200	1200	1200	1199	1199	1200	0

1731328612	238	204	314	185	335	410	352	324	256	1200	1200	1200	1199	1199	1200	0

1731328618	229	282	294	178	366	388	271	478	1441	1199	1200	1200	1200	1200	1200	0

1731328620	237	176	329	146	404	411	479	230	1456	1200	1200	1200	1199	1199	1200	0

1731328623	246	35	319	146	292	265	198	238	1456	1199	1200	1200	1199	1199	1200	0

1731328634	346	481	31	29	19	406	848	434	256	1200	1200	1200	1199	1199	1200	0

1731328636	289	210	335	196	359	429	334	384	1456	1200	1200	1200	1199	1199	1200	0

1731328639	1125	823	1082	989	1125	1125	1127	1125	256	1200	1200	1200	1199	1199	1200	0

1731328641	238	295	594	155	361	306	242	250	1456	1200	1200	1200	1199	1199	1200	0

1731328642	263	193	312	144	435	382	231	360	1456	1200	1200	1200	1199	1199	1200	0

1731328651	261	148	246	135	350	344	226	219	1456	1200	1200	1200	1199	1199	1200	0

1731328652	273	214	380	214	479	723	660	405	1456	1200	1200	1200	1199	1199	1200	0

1731328661	191	148	282	152	367	327	224	292	1456	1200	1200	1200	1199	1199	1200	0

1731328665	212	147	261	148	309	308	239	262	1456	1200	1200	1200	1199	1199	1200	0

1731328668	286	155	408	134	387	404	237	263	1456	1200	1200	1200	1199	1199	1200	0

1731328674	245	181	309	156	297	332	285	281	1432	1201	1201	1201	1200	1200	1200	0

1731328681	209	155	312	141	326	321	245	233	1456	1200	1200	1200	1199	1199	1200	0

1731328687	712	411	990	514	556	581	306	406	1456	1200	1200	1200	1199	1199	1200	0

1731328688	223	189	311	162	25	21	75	430	1456	1200	1200	1200	1199	1199	1200	0

1731328706	262	28	289	29	337	396	253	284	256	1200	1200	1200	1199	1199	1200	0

1731328720	266	154	288	187	485	346	336	253	1456	1200	1200	1200	1199	1199	1200	0

1731328724	222	190	253	149	359	324	231	226	1455	1199	1200	1200	1199	1199	1200	0

1731328734	211	176	261	162	298	331	228	250	1456	1200	1200	1200	1199	1199	1200	0

1731328755	186	154	274	137	481	400	282	295	1456	1200	1200	1200	1199	1199	1200	0

1731328758	239	160	337	182	319	323	246	284	1456	1200	1200	1200	1199	1199	1200	0

1731328766	345	245	349	163	333	394	305	450	256	1200	1200	1200	1199	1199	1200	0

1731328770	254	152	401	153	328	361	248	252	1456	1200	1200	1200	1199	1199	1200	0

1731328770	440	39	285	215	38	22	60	319	1456	1199	1200	1200	1199	1199	1200	0

1731328776	227	205	359	165	358	417	299	307	256	1200	1200	1200	1199	1199	1200	0

1731328815	53	26	37	26	22	92	283	263	1456	1200	1200	1200	1199	1199	1200	0

1731328840	247	186	306	165	523	376	260	281	256	1201	1201	1201	1200	1200	1200	0

1731328843	219	204	305	144	326	382	318	294	1434	1201	1201	1201	1200	1200	1200	0

1731328861	244	174	321	158	432	313	224	273	1456	1200	1200	1200	1199	1199	1200	0

1731328872	236	123	32	28	18	21	23	255	256	1201	1201	1201	1200	1200	1200	0

1731328882	180	166	285	228	320	378	254	226	256	1201	1201	1201	1200	1200	1200	0

1731328887	200	144	377	140	395	378	229	228	1456	1200	1200	1200	1199	1199	1200	0

1731328901	311	151	117	70	19	21	23	277	1456	1200	1200	1200	1199	1199	1200	0

1731328905	399	177	328	150	333	401	261	393	1456	1200	1200	1200	1199	1199	1200	0

1731328908	291	359	607	209	350	381	330	228	1456	1200	1200	1200	1199	1199	1200	0

1731328912	228	203	313	177	289	357	244	268	1456	1199	1200	1200	1199	1199	1200	0

1731328920	289	187	160	67	379	676	709	490	1456	1200	1200	1200	1199	1199	1200	0

1731328921	239	169	538	145	292	364	245	318	1456	1200	1200	1200	1199	1199	1200	0

1731328927	214	157	272	137	399	380	279	246	1456	1200	1200	1200	1199	1199	1200	0

1731328944	251	188	370	160	279	391	257	239	1456	1200	1200	1200	1199	1199	1200	0

1731328948	263	166	252	131	404	344	253	466	1456	1200	1200	1200	1199	1199	1200	0

1731328956	192	191	518	159	298	361	236	225	1456	1200	1200	1200	1199	1199	1200	0

1731328958	372	243	159	26	17	21	23	196	1456	1200	1200	1200	1199	1199	1200	0

1731328959	424	249	259	145	428	708	338	293	1456	1200	1200	1200	1199	1199	1200	0

1731328962	236	205	65	230	297	389	279	215	1456	1200	1200	1200	1199	1199	1200	0

1731328971	230	182	309	272	333	513	458	532	1341	1200	1200	1200	1199	1199	1201	0

1731328976	223	227	320	198	622	923	280	278	1334	1200	1200	1200	1199	1199	1200	0

1731328980	258	192	557	168	307	381	237	303	1456	1200	1200	1200	1199	1199	1200	0

1731328982	244	156	273	161	302	310	216	256	1456	1199	1200	1200	1199	1199	1200	0

1731328985	221	171	316	175	321	450	271	237	1456	1200	1200	1200	1199	1199	1200	0

1731329000	416	29	35	28	18	22	24	299	1456	1200	1201	1201	1200	1200	1200	0

1731329001	222	168	257	154	270	377	230	258	1450	1201	1201	1201	1200	1200	1200	0

1731329005	218	154	298	180	297	320	286	278	1456	1200	1200	1200	1199	1199	1200	0

1731329006	266	230	351	294	385	417	281	400	1456	1199	1200	1200	1199	1199	1200	0

1731329013	230	176	332	170	332	384	245	269	1456	1200	1200	1200	1199	1199	1200	0

1731329021	304	200	278	149	270	358	420	259	1456	1200	1200	1200	1199	1199	1200	0

1731329021	318	228	413	227	542	614	565	1125	256	1200	1200	1200	1199	1199	1200	0

1731329027	226	206	514	154	868	1060	700	327	1456	1200	1200	1200	1199	1199	1200	0

1731329035	251	169	477	205	331	933	414	306	1456	1200	1200	1200	1199	1199	1200	0

1731329038	199	164	261	160	304	379	28	294	1456	1200	1200	1200	1199	1199	1200	0

1731329041	217	186	286	184	294	467	443	484	1454	1199	1199	1199	1199	1199	1199	0

1731329044	227	212	368	235	281	327	263	381	1456	1200	1200	1200	1199	1199	1200	0

1731329044	291	184	301	146	339	370	268	232	1456	1200	1200	1200	1199	1199	1200	0

1731329045	218	188	286	144	305	331	322	258	1456	1200	1200	1200	1199	1199	1200	0

1731329047	213	27	30	26	17	23	160	460	256	1200	1200	1200	1199	1199	1200	0

1731329049	234	260	474	167	471	457	365	372	1439	1200	1200	1200	1199	1199	1200	0

1731329078	365	169	347	250	375	910	276	307	1456	1200	1200	1200	1199	1199	1200	0

1731329082	233	227	535	351	391	659	257	183	1456	1200	1200	1200	1199	1199	1200	0

1731329088	232	173	291	156	378	480	224	394	1456	1200	1200	1200	1199	1199	1200	0

1731329100	251	196	344	144	384	313	268	292	1456	1200	1200	1200	1199	1199	1200	0

1731329117	273	185	280	197	317	329	251	248	1456	1200	1200	1200	1199	1199	1200	0

1731329119	218	201	266	129	310	302	261	234	1456	1200	1200	1200	1199	1199	1200	0

1731329169	196	158	288	155	297	353	281	235	1456	1200	1200	1200	1199	1199	1200	0

1731329183	228	145	277	140	283	298	227	310	1455	1199	1200	1200	1199	1199	1200	0

1731329190	505	29	32	29	19	21	23	328	1456	1200	1200	1200	1199	1199	1200	0

1731329202	230	175	277	166	313	433	279	309	1456	1200	1200	1200	1199	1199	1200	0

1731329210	254	184	305	164	561	355	719	812	256	1201	1201	1201	1200	1200	1200	0

1731329236	222	157	279	144	291	323	264	233	1456	1200	1200	1200	1199	1199	1200	0

1731329245	212	175	314	152	375	339	253	278	1456	1200	1200	1200	1199	1199	1200	0

1731329247	209	166	339	157	528	418	246	267	1442	1201	1201	1201	1200	1200	1200	0

1731329247	241	154	284	143	300	613	272	414	1456	1199	1200	1200	1199	1199	1200	0

1731329269	289	159	317	141	294	338	238	258	1456	1200	1200	1200	1199	1199	1200	0

1731329270	227	177	317	160	370	343	365	292	1455	1199	1200	1200	1199	1199	1200	0

1731329280	216	166	329	144	312	423	241	266	1456	1200	1200	1200	1199	1199	1200	0

1731329281	269	200	377	29	18	35	23	87	256	1200	1200	1200	1199	1199	1200	0

1731329284	301	282	329	215	368	379	227	259	1456	1200	1200	1200	1199	1199	1200	0

1731329289	216	23	25	23	306	331	252	258	1456	1200	1200	1200	1199	1199	1200	0

1731329292	150	168	273	183	733	660	299	247	256	1199	1199	1199	1199	1199	1200	0

1731329295	212	395	389	163	325	389	422	335	256	1199	1199	1199	1199	1199	1200	0

1731329309	202	184	311	201	384	335	319	676	256	1200	1200	1200	1199	1201	1200	0

1731329322	222	177	280	133	275	360	239	274	1456	1200	1200	1200	1199	1199	1200	0

1731329323	198	152	284	123	373	368	231	218	1456	1199	1200	1200	1199	1199	1200	0

1731329333	171	167	438	140	537	590	409	243	1456	1200	1200	1200	1199	1199	1200	0

1731329337	245	209	357	173	394	367	274	393	256	1201	1201	1201	1200	1200	1200	0

1731329337	205	200	317	153	328	472	313	335	1439	1200	1200	1200	1199	1199	1200	0

1731329344	224	167	281	145	278	386	231	286	1455	1199	1200	1200	1199	1199	1200	0

1731329354	273	221	263	164	277	314	224	220	1456	1200	1200	1200	1199	1199	1200	0

1731329363	244	181	316	23	14	17	27	261	1456	1200	1200	1200	1199	1199	1200	0

1731329363	226	181	296	157	333	414	248	271	1457	1201	1201	1201	1200	1200	1200	0

1731329373	210	329	343	133	296	401	246	262	1438	1200	1200	1200	1199	1199	1200	0

1731329386	240	154	294	136	296	338	253	239	1456	1200	1200	1200	1199	1199	1200	0

1731329391	357	264	431	236	549	670	562	881	1456	1200	1200	1200	1199	1199	1200	0

1731329406	193	166	298	166	298	356	224	301	1449	1201	1201	1201	1200	1200	1200	0

1731329417	200	23	28	26	408	21	23	222	256	1200	1200	1200	1199	1199	1200	0

1731329424	238	206	339	197	457	473	403	293	1456	1200	1201	1201	1200	1199	1201	0

1731329431	276	211	459	159	344	646	553	538	1456	1200	1201	1201	1201	1201	1201	0

1731329435	200	169	278	175	284	346	457	254	1443	1200	1200	1200	1199	1199	1200	0

1731329441	254	156	289	214	619	382	338	301	1456	1199	1200	1200	1199	1199	1200	0

1731329441	207	175	287	149	293	373	256	453	1456	1200	1200	1200	1199	1199	1200	0

1731329444	229	198	319	162	404	369	259	315	1456	1200	1200	1200	1199	1199	1200	0

1731329448	210	309	305	151	300	320	264	242	1456	1199	1200	1200	1199	1199	1200	0

1731329448	209	176	304	176	264	333	222	227	1456	1200	1200	1200	1199	1199	1200	0

1731329457	250	219	376	219	361	368	353	380	256	1200	1200	1200	1199	1199	1200	0

1731329461	287	214	392	196	524	484	393	428	256	1200	1200	1200	1199	1199	1200	0

1731329463	191	166	270	27	17	21	23	251	1456	1200	1200	1200	1199	1199	1200	0

1731329491	242	164	329	249	514	327	230	262	1456	1200	1200	1200	1199	1199	1200	0

1731329510	255	173	317	171	319	359	237	264	1420	1200	1200	1200	1199	1199	1200	0

1731329511	198	143	276	142	297	301	220	169	1456	1200	1200	1200	1199	1199	1200	0

1731329513	285	211	543	160	462	399	266	318	1456	1200	1200	1200	1199	1199	1200	0

1731329528	213	192	382	138	294	368	286	233	1456	1200	1200	1200	1199	1199	1200	0

1731329528	212	186	661	263	324	335	246	262	1456	1200	1200	1200	1199	1199	1200	0

1731329534	196	168	278	144	349	414	241	244	1456	1200	1200	1200	1199	1199	1200	0

1731329537	210	178	285	180	262	417	236	235	1456	1200	1200	1200	1199	1203	1200	0

1731329537	200	234	616	158	380	331	220	307	1456	1199	1200	1200	1199	1199	1200	0

1731329542	252	181	325	162	370	385	320	311	1455	1200	1200	1200	1199	1199	1200	0

1731329547	186	164	322	134	439	443	219	276	1456	1200	1200	1200	1199	1199	1200	0

1731329593	252	200	421	189	301	335	225	305	1456	1200	1200	1200	1199	1199	1200	0

1731329605	216	152	289	149	272	350	317	240	1456	1200	1200	1200	1201	1200	1200	0

1731329606	300	165	408	241	716	762	536	536	256	1201	1201	1201	1200	1200	1200	0

1731329638	224	180	33	29	23	258	275	296	1456	1200	1201	1201	1201	1199	1201	0

1731329638	229	157	289	143	316	320	220	250	1457	1201	1201	1201	1200	1200	1200	0

1731329640	378	31	35	31	20	24	25	297	1456	1200	1200	1200	1199	1199	1200	0

1731329642	215	170	321	149	318	373	386	272	1455	1199	1200	1200	1200	1200	1200	0

1731329650	237	166	302	156	285	326	250	393	1455	1199	1200	1200	1199	1199	1200	0

1731329653	285	246	420	250	651	630	550	814	256	1201	1201	1201	1200	1200	1200	0

1731329661	218	288	375	166	367	350	227	241	1456	1199	1200	1200	1199	1199	1200	0

1731329706	197	151	306	164	553	351	222	220	1456	1200	1200	1200	1199	1199	1200	0

1731329709	305	26	29	26	18	21	24	219	1456	1200	1200	1200	1199	1199	1200	0

1731329712	201	150	292	154	289	417	237	283	1456	1200	1200	1200	1199	1199	1200	0

1731329718	262	127	26	24	16	19	22	255	1456	1200	1200	1200	1199	1199	1200	0

1731329733	213	166	315	156	372	349	233	361	1456	1200	1201	1201	1201	1199	1201	0

1731329778	231	149	305	156	287	308	250	260	1456	1200	1200	1200	1199	1199	1200	0

1731329781	479	361	383	174	325	426	322	309	1456	1200	1200	1200	1199	1199	1200	0

1731329781	223	217	380	153	284	318	228	254	1456	1199	1200	1200	1199	1199	1200	0

1731329787	197	169	411	173	280	296	224	257	1456	1200	1200	1200	1203	1201	1200	0

1731329798	217	202	310	150	301	404	258	347	1421	1201	1201	1201	1200	1200	1200	0

1731329825	336	208	297	177	317	559	329	292	1456	1200	1200	1200	1199	1199	1200	0

1731329828	277	62	460	238	275	330	228	253	1456	1200	1200	1200	1199	1199	1200	0

1731329841	193	152	250	149	321	391	259	239	1456	1200	1200	1200	1199	1199	1200	0

1731329856	212	156	292	154	284	314	265	253	1456	1200	1201	1201	1201	1199	1201	0

1731329864	453	28	32	27	17	20	22	327	1456	1200	1200	1200	1199	1199	1200	0

1731329883	242	186	304	206	343	373	241	250	1456	1200	1200	1200	1199	1199	1200	0

1731329893	229	167	301	156	333	353	254	333	1456	1200	1200	1200	1199	1199	1200	0

1731329897	244	193	337	153	415	330	232	296	1456	1200	1200	1200	1199	1199	1200	0

1731329908	197	181	342	149	280	376	250	295	1455	1201	1200	1200	1199	1199	1200	0

1731329910	525	399	514	327	594	784	276	323	1456	1200	1201	1201	1201	1201	1201	0

1731329910	287	190	344	153	306	367	317	482	1456	1200	1200	1200	1199	1199	1200	0

1731329914	204	182	336	170	336	298	220	280	1455	1199	1200	1200	1200	1199	1200	0

1731329930	278	192	353	175	354	322	256	335	1441	1201	1201	1201	1200	1200	1200	0

1731329931	214	184	412	242	544	317	248	320	256	1200	1200	1200	1199	1199	1200	0

1731329938	218	233	350	146	303	323	295	265	1433	1201	1201	1201	1200	1200	1200	0

1731329950	158	172	333	151	335	440	284	296	1456	1200	1200	1200	1199	1199	1200	0

1731329956	197	162	321	144	275	317	245	215	1456	1200	1200	1200	1199	1199	1200	0

1731329961	211	284	296	162	389	380	287	332	1456	1200	1200	1200	1201	1200	1200	0

1731329962	190	157	311	131	380	334	221	246	1456	1200	1200	1200	1199	1199	1200	0

1731329971	203	164	314	138	276	329	220	250	1456	1200	1200	1200	1199	1199	1200	0

1731329985	267	158	287	324	349	495	219	248	1456	1200	1200	1200	1199	1199	1200	0

1731329990	292	193	283	150	269	346	217	236	1456	1200	1200	1200	1199	1199	1200	0

1731330000	200	180	269	143	290	406	240	252	1456	1200	1200	1200	1199	1199	1200	0

1731330002	266	158	329	169	409	367	320	260	1456	1200	1200	1200	1199	1199	1200	0

1731330004	157	398	35	32	317	346	273	185	1456	1200	1201	1201	1201	1199	1201	0

1731330012	185	151	278	158	274	398	222	226	1456	1200	1200	1200	1199	1199	1200	0

1731330015	224	20	25	23	15	17	259	302	1451	1201	1201	1201	1200	1200	1200	0

1731330037	224	176	273	134	333	334	293	244	1455	1199	1200	1200	1199	1199	1200	0

1731330040	229	191	293	156	356	336	345	293	1435	1200	1200	1200	1199	1199	1200	0

1731330041	1124	19	28	24	16	20	23	581	256	1201	1201	1201	1200	1200	1200	0

1731330059	222	217	327	156	321	356	251	368	1441	1201	1201	1201	1200	1200	1200	0

1731330061	223	154	362	170	338	338	295	270	1456	1200	1200	1200	1199	1199	1200	0

1731330069	270	212	409	166	290	317	224	264	1456	1200	1200	1200	1199	1199	1200	0

1731330077	253	177	369	178	424	614	328	337	1440	1201	1201	1201	1200	1200	1200	0

1731330093	202	216	558	148	296	389	303	240	1456	1200	1200	1200	1199	1199	1200	0

1731330110	210	155	353	138	439	359	231	253	1456	1200	1200	1200	1199	1199	1200	0

1731330116	234	192	339	175	319	607	510	366	256	1199	1199	1199	1199	1199	1200	0

1731330124	250	168	287	142	288	405	231	234	1456	1200	1200	1200	1199	1199	1200	0

1731330126	205	192	374	155	466	378	452	598	256	1201	1201	1201	1200	1200	1200	0

1731330131	264	162	316	182	413	638	232	242	1456	1200	1200	1200	1200	1200	1200	0

1731330140	207	263	357	133	291	423	384	257	1456	1200	1200	1200	1199	1199	1200	0

1731330156	912	375	1124	255	132	26	28	302	1457	1201	1201	1201	1200	1200	1200	0

1731330170	225	200	384	144	306	407	240	248	1456	1200	1201	1201	1201	1201	1201	0

1731330180	292	389	340	147	383	300	242	242	1456	1200	1200	1200	1199	1199	1200	0

1731330187	269	178	271	228	548	487	279	297	1456	1200	1200	1200	1199	1199	1200	0

1731330205	191	175	315	160	282	313	227	247	1456	1200	1201	1201	1201	1199	1201	0

1731330210	195	188	243	146	310	338	317	214	1456	1200	1200	1200	1199	1199	1200	0

1731330211	218	143	263	146	284	318	212	247	1456	1200	1200	1200	1199	1199	1200	0

1731330212	207	163	268	135	300	445	270	270	1455	1199	1200	1200	1200	1200	1200	0

1731330213	204	165	276	159	341	289	235	251	1456	1200	1200	1200	1199	1199	1200	0

1731330213	219	168	292	148	334	451	285	239	1456	1200	1200	1200	1199	1199	1200	0

1731330230	185	29	31	28	18	20	181	240	1449	1201	1201	1201	1200	1201	1201	0

1731330250	208	153	276	144	286	392	218	307	1456	1200	1200	1200	1199	1199	1200	0

1731330258	272	155	266	138	264	339	216	232	1456	1200	1200	1200	1199	1199	1200	0

1731330261	248	179	340	152	306	422	286	219	1456	1200	1200	1200	1199	1199	1200	0

1731330271	211	304	440	147	299	295	236	236	1455	1199	1201	1200	1199	1199	1200	0

1731330274	229	211	378	141	287	330	232	248	1456	1200	1200	1200	1199	1199	1200	0

1731330291	312	141	114	29	19	29	485	673	256	1201	1201	1201	1200	1200	1200	0

1731330311	446	156	298	136	278	315	230	256	1456	1200	1200	1200	1199	1203	1200	0

1731330313	296	169	267	215	393	390	264	233	1456	1200	1200	1200	1199	1199	1200	0

1731330313	231	184	523	143	269	368	234	286	1456	1200	1200	1200	1199	1199	1200	0

1731330314	213	158	267	137	264	333	220	273	1456	1200	1200	1200	1199	1199	1200	0

1731330318	263	162	277	133	535	528	239	249	1456	1200	1200	1200	1199	1201	1200	0

1731330329	202	159	330	169	573	581	286	232	1456	1200	1200	1200	1199	1199	1200	0

1731330380	216	168	549	258	748	626	422	593	256	1201	1201	1201	1200	1200	1200	0

1731330382	225	173	346	206	309	364	453	285	256	1201	1201	1201	1200	1200	1200	0

1731330385	287	169	306	146	285	487	356	276	1456	1200	1200	1200	1199	1199	1200	0

1731330394	408	176	347	157	345	388	266	250	1456	1200	1200	1200	1199	1199	1200	0

1731330411	242	174	466	145	386	316	223	297	1456	1200	1200	1200	1199	1199	1200	0

1731330419	307	225	460	219	353	398	250	246	1456	1200	1200	1200	1199	1199	1200	0

1731330419	262	247	282	217	507	342	245	265	1456	1200	1200	1200	1199	1199	1200	0

1731330424	290	326	404	144	298	394	237	359	1456	1200	1200	1200	1199	1199	1200	0

1731330427	239	269	32	28	18	21	342	531	1456	1200	1200	1200	1199	1199	1200	0

1731330429	368	543	50	30	17	19	214	383	256	1200	1200	1200	1200	1200	1200	0

1731330429	231	272	358	201	322	455	299	311	256	1201	1201	1201	1200	1200	1200	0

1731330443	221	154	325	228	278	326	242	305	1456	1200	1200	1200	1200	1200	1200	0

1731330444	219	186	290	136	319	297	242	245	1456	1200	1200	1200	1199	1199	1200	0

1731330446	215	221	700	278	296	416	233	233	1456	1200	1200	1200	1199	1199	1200	0

1731330449	347	283	381	196	17	21	24	353	1456	1200	1200	1200	1199	1199	1200	0

1731330457	212	160	283	142	288	336	249	309	1436	1201	1201	1201	1200	1200	1200	0

1731330462	633	59	464	806	377	841	463	535	256	1201	1201	0	1200	1200	1200	0

1731330472	322	159	342	134	270	308	233	226	1456	1200	1200	1200	1199	1199	1200	0

1731330493	225	221	365	154	271	303	200	219	1456	1200	1200	1200	1199	1199	1200	0

1731330496	197	177	331	234	370	314	270	282	256	1200	1200	1200	1199	1199	1200	0

1731330496	399	382	277	140	284	371	230	275	1457	1201	1201	1201	1200	1200	1200	0

1731330512	479	32	368	35	507	376	264	305	1355	1201	1201	1201	1200	1200	1200	0

1731330518	247	153	300	127	301	340	245	228	1456	1200	1200	1200	1199	1199	1200	0

1731330520	219	219	336	208	329	395	278	294	1456	1200	1200	1200	1199	1199	1200	0

1731330523	236	167	313	145	325	384	280	396	256	1201	1201	1201	1200	1200	1200	0

1731330536	217	159	353	151	305	327	227	237	1452	1200	1200	1200	1199	1199	1200	0

1731330543	239	198	278	182	278	355	254	278	1456	1200	1200	1200	1199	1199	1200	0

1731330550	217	166	339	165	344	355	268	257	1456	1200	1200	1200	1199	1199	1200	0

1731330550	229	171	267	143	300	348	266	238	1456	1199	1200	1200	1199	1199	1200	0

1731330561	207	185	405	161	320	477	290	357	1456	1200	1200	1200	1199	1199	1200	0

1731330561	276	167	333	179	646	365	345	287	1455	1199	1199	1201	1199	1199	1200	0

1731330563	240	175	273	141	289	324	283	268	1456	1199	1200	1200	1199	1199	1200	0

1731330581	199	173	264	185	458	306	232	225	1456	1200	1200	1200	1201	1200	1200	0

1731330592	333	162	286	143	305	359	210	246	1455	1199	1201	1200	1200	1199	1200	0

1731330596	202	216	272	147	262	484	263	215	1456	1200	1200	1200	1199	1199	1200	0

1731330597	279	283	552	289	414	319	249	287	1456	1200	1200	1200	1199	1199	1200	0

1731330597	248	170	332	169	353	344	281	327	256	1200	1200	1200	1199	1199	1200	0

1731330604	234	159	287	232	294	433	263	420	1456	1200	1200	1200	1199	1203	1200	0

1731330622	219	161	325	247	412	575	597	286	1365	1201	1201	1201	1200	1200	1200	0

1731330630	839	137	162	35	26	26	36	330	1456	1200	1200	1200	1199	1203	1200	0

1731330633	314	255	316	180	548	350	306	288	1456	1200	1200	1200	1199	1199	1200	0

1731330634	238	176	300	149	332	362	273	306	1456	1200	1200	1200	1199	1199	1200	0

1731330640	353	254	358	149	270	557	512	224	1456	1200	1200	1200	1199	1199	1200	0

1731330641	210	186	302	152	398	362	246	298	256	1200	1200	1200	1199	1199	1200	0

1731330641	247	190	311	160	296	337	266	290	1456	1200	1200	1200	1199	1199	1200	0

1731330652	219	196	30	27	18	21	287	266	1456	1200	1200	1200	1199	1199	1200	0

1731330652	364	166	311	143	266	298	239	247	1456	1200	1200	1200	1199	1199	1200	0

1731330656	264	170	342	210	349	344	258	316	1456	1200	1200	1200	1199	1199	1200	0

1731330661	232	229	421	200	375	449	385	350	1446	1201	1201	1201	1200	1200	1200	0

1731330663	206	184	337	147	309	319	285	244	1456	1200	1200	1200	1199	1199	1200	0

1731330663	223	173	276	205	331	410	296	252	1456	1200	1200	1200	1199	1199	1200	0

1731330670	393	28	413	155	441	321	251	463	256	1201	1201	1201	1200	1200	1200	0

1731330672	224	149	268	198	287	362	250	262	1456	1200	1200	1200	1199	1199	1200	0

1731330676	215	250	312	154	297	401	239	390	1456	1200	1200	1200	1199	1199	1200	0

1731330676	538	262	280	146	351	390	274	248	1456	1200	1200	1200	1199	1199	1200	0

1731330679	223	164	458	289	577	349	254	243	1420	1200	1200	1200	1199	1199	1200	0

1731330691	219	173	350	180	300	325	233	261	1456	1200	1200	1200	1199	1199	1200	0

1731330691	193	178	269	172	302	343	377	231	1456	1200	1201	1201	1200	1199	1201	0

1731330699	200	152	277	134	279	380	234	267	1456	1200	1200	1200	1199	1199	1200	0

1731330700	584	352	319	149	313	21	24	355	1456	1200	1200	1200	1199	1199	1200	0

1731330711	284	280	278	139	281	327	226	237	1456	1200	1200	1200	1199	1199	1200	0

1731330713	270	188	385	155	551	940	798	619	256	1200	1200	1200	1200	1200	1200	0

1731330717	547	29	34	29	29	21	568	396	1456	1200	1200	1200	1199	1199	1200	0

1731330719	207	163	326	170	369	416	247	224	1433	1201	1201	1201	1200	1200	1200	0

1731330725	225	253	217	193	287	317	222	260	1456	1200	1200	1200	1199	1199	1200	0

1731330727	218	209	359	141	321	338	228	245	1455	1200	1200	1200	1199	1199	1200	0

1731330735	204	206	269	155	402	359	316	265	1456	1200	1200	1200	1199	1199	1200	0

1731330739	201	147	424	144	320	340	328	237	1455	1199	1200	1200	1200	1199	1200	0

1731330755	322	332	345	172	310	368	218	261	1455	1199	1200	1200	1200	1200	1200	0

1731330772	210	171	337	156	276	330	216	242	1456	1200	1200	1200	1199	1199	1200	0

1731330773	191	158	290	137	296	394	233	242	1456	1200	1200	1200	1199	1199	1200	0

1731330776	251	191	415	196	412	594	264	390	256	1200	1200	1200	1199	1199	1200	0

1731330782	171	27	33	30	20	24	223	187	1456	1200	1200	1200	1199	1199	1200	0

1731330784	267	168	287	228	350	388	243	255	1448	1201	1201	1201	1200	1200	1200	0

1731330794	237	224	293	148	361	343	287	237	1456	1200	1200	1200	1199	1199	1200	0

1731330826	214	152	314	167	514	306	255	240	1456	1200	1200	1200	1199	1199	1200	0

1731330839	326	182	302	152	366	410	438	450	1395	1200	1200	1200	1201	1200	1200	0

1731330844	469	915	1124	624	1124	1124	41	505	256	1201	68	1201	1200	1200	1200	0

1731330856	213	184	264	159	292	301	225	246	1456	1200	1200	1200	1199	1199	1200	0

1731330867	185	157	280	144	302	369	209	260	1456	1200	1200	1200	1199	1199	1200	0

1731330867	213	341	631	160	453	593	457	462	1456	1200	1200	1200	1199	1199	1200	0

1731330869	281	79	30	27	309	334	305	268	1456	1200	1200	1200	1199	1201	1200	0

1731330872	249	185	281	224	493	446	446	311	1456	1200	1200	1200	1199	1199	1200	0

1731330878	250	186	384	185	479	726	341	262	1456	1200	1201	1201	1201	1199	1201	0

1731330884	215	198	371	145	270	334	209	275	1456	1200	1200	1200	1199	1199	1200	0

1731330886	241	182	290	187	355	578	261	263	1411	1201	1201	1201	1200	1200	1200	0

1731330887	195	154	282	173	310	464	238	347	256	1201	1201	1201	1200	1200	1200	0

1731330888	211	162	298	134	379	391	289	319	1456	1200	1200	1200	1199	1199	1200	0

1731330898	215	159	292	220	275	339	200	269	1456	1200	1200	1200	1199	1199	1200	0

1731330906	211	172	312	166	293	347	262	367	1456	1200	1200	1200	1199	1199	1200	0

1731330924	893	536	642	302	81	346	337	488	1456	1200	1200	1200	1199	1201	1200	0

1731330925	387	219	307	146	288	365	220	225	1456	1200	1200	1200	1199	1199	1200	0

1731330926	237	254	283	155	561	673	296	320	1453	1200	1200	1200	1199	1199	1201	0

1731330927	264	175	313	163	364	356	262	289	256	1199	1200	1200	1200	1199	1200	0

1731330963	220	145	302	139	340	316	218	252	1456	1200	1200	1200	1199	1199	1200	0

1731330965	288	471	309	46	480	777	29	948	256	1201	1201	1201	1200	1200	1200	0

1731330970	218	157	276	149	338	340	283	254	256	1200	1200	1200	1199	1199	1200	0

1731330984	194	188	500	230	268	355	24	207	1457	1201	1201	1201	1200	1200	1200	0

1731330993	217	165	280	146	448	457	249	277	1456	1200	1200	1200	1199	1199	1200	0

1731330993	179	197	304	109	221	279	188	220	1456	1200	1200	1200	1199	1203	1200	0

1731330996	259	163	330	147	344	433	265	280	1456	1200	1200	1200	1199	1199	1200	0

1731331007	215	265	304	174	283	326	227	242	1456	1200	1200	1200	1199	1199	1200	0

1731331013	272	192	354	148	320	418	378	338	1456	1200	1200	1200	1199	1199	1200	0

1731331014	334	182	331	215	499	411	240	251	1456	1200	1200	1200	1199	1203	1200	0

1731331028	220	225	322	149	449	373	253	226	1456	1200	1201	1201	1201	1201	1201	0

1731331037	227	217	322	142	339	358	254	284	1428	1200	1200	1200	1199	1199	1200	0

1731331037	246	27	326	33	409	465	252	332	256	1200	1200	1200	1199	1199	1200	0

1731331042	236	206	584	246	431	320	236	230	1455	1199	1200	1200	1199	1199	1200	0

1731331048	490	395	684	229	524	723	524	287	1456	1200	1200	1200	1199	1199	1200	0

1731331053	204	204	354	154	374	392	294	469	256	1200	1200	1200	1199	1199	1200	0

1731331056	233	194	271	135	353	313	264	247	1457	1201	1201	1201	1200	1200	1200	0

1731331067	206	160	326	193	415	413	222	285	1456	1200	1201	1201	1201	1201	1201	0

1731331078	231	293	299	178	335	476	273	274	256	1201	1201	1201	1200	1200	1200	0

1731331079	218	179	309	155	560	395	243	281	1456	1200	1200	1200	1199	1199	1200	0

1731331096	458	199	341	165	311	390	254	248	1456	1200	1200	1200	1199	1199	1200	0

1731331132	240	200	299	176	297	435	205	230	1456	1200	1200	1200	1199	1199	1200	0

1731331135	219	233	502	284	278	337	229	283	1456	1200	1200	1200	1199	1199	1200	0

1731331137	235	153	293	155	362	317	266	307	1456	1200	1200	1200	1199	1199	1200	0

1731331145	210	176	337	207	291	334	252	354	1456	1200	1200	1200	1199	1199	1200	0

1731331154	301	175	358	279	308	372	314	416	1456	1200	1200	1200	1199	1199	1200	0

1731331155	206	155	319	126	273	339	558	277	1456	1200	1200	1200	1199	1199	1200	0

1731331160	207	178	283	182	309	350	221	285	1456	1200	1200	1200	1199	1199	1200	0

1731331165	238	160	279	161	327	471	234	302	1456	1200	1200	1200	1199	1199	1200	0

1731331165	294	448	671	162	334	346	238	264	1456	1200	1200	1200	1199	1199	1200	0

1731331168	253	296	507	141	295	409	239	223	1456	1200	1200	1200	1199	1199	1200	0

1731331231	201	183	303	132	259	482	417	231	1456	1200	1200	1200	1199	1199	1200	0

1731331239	201	167	354	151	319	352	256	268	1436	1200	1200	1200	1199	1199	1200	0

1731331248	274	172	398	166	359	426	244	264	1456	1200	1200	1200	1199	1199	1200	0

1731331252	345	31	38	30	471	465	357	274	1456	1200	1200	1200	1199	1199	1200	0

1731331262	184	155	272	170	285	302	234	201	1456	1200	1200	1200	1201	1201	1200	0

1731331262	342	178	501	164	271	561	269	328	1456	1200	1201	1201	1201	1201	1201	0

1731331267	204	164	298	245	280	462	246	242	1456	1200	1200	1200	1199	1199	1200	0

1731331272	232	173	361	204	295	389	285	333	1456	1200	1200	1200	1199	1199	1200	0

1731331275	220	171	299	156	465	360	263	253	1456	1200	1200	1200	1199	1199	1200	0

1731331278	241	162	294	146	518	318	26	219	1456	1200	1200	1200	1199	1199	1200	0

1731331278	220	252	910	253	597	410	247	181	1456	1200	1201	1201	1200	1199	1201	0

1731331288	206	161	357	155	726	385	280	226	1456	1200	1201	1201	1201	1201	1201	0

1731331297	194	221	296	158	409	302	239	245	1456	1200	1200	1200	1199	1199	1200	0

1731331299	224	190	392	144	234	365	249	233	1456	1200	1200	1200	1199	1199	1200	0

